98
28
11 33 6 45 48 47 54 45 17 17 9 54 42 42 54 36 1 28 5 58 8 33 17 67 28 67 31 44
56
4 5 35 31 15 14 26 24 30 16 16 25 22 7 29 6 34 21 2 25 27 25 28 25 4 28 2 16 15 29 18 34 32 30 18 16 10 7 30 3 7 19 1 19 17 36 6 33 19 4 25 8 6 34 15 20
195
5 4 3 9 1 1 7 8 8 6 8 10 2 8 2 7 3 1 2 2 8 10 1 1 4 7 3 6 6 7 8 8 3 5 9 3 7 7 5 10 4 9 10 7 4 10 5 4 1 3 2 4 4 5 9 6 7 6 6 10 9 6 3 3 9 9 8 9 2 11 3 5 6 6 1 11 4 2 5 4 10 8 7 5 7 4 1 7 3 4 4 7 7 7 5 8 3 2 5 8 2 3 1 3 9 1 10 4 2 4 7 1 8 4 1 5 5 8 9 4 5 2 9 10 7 1 7 2 6 2 1 5 1 3 6 7 7 10 2 3 10 2 5 4 4 7 2 5 9 9 1 7 6 5 2 5 4 4 5 3 9 7 3 6 4 4 3 6 2 5 4 4 8 3 7 4 10 5 4 1 11 2 6 6 8 9 6 2 8 2 1 8 7 11 11
82
15 17 24 21 18 20 3 20 18 16 9 16 3 25 3 13 24 8 17 21 5 13 6 16 4 22 14 20 7 15 20 11 12 25 22 8 17 19 5 8 11 20 4 9 12 23 11 25 5 14 15 25 6 13 4 1 14 9 20 3 2 20 4 21 24 9 6 2 6 7 20 9 9 19 15 18 9 11 5 10 8 21
112
15 8 13 2 11 6 18 6 18 11 5 6 14 10 9 15 1 8 9 14 3 16 1 11 16 14 10 4 1 5 9 11 16 17 2 10 18 7 15 17 15 18 1 1 6 7 12 2 10 14 12 7 14 14 8 14 10 8 2 18 9 15 7 6 7 13 4 7 14 16 1 14 9 3 18 16 8 13 3 9 16 1 8 7 11 12 13 10 3 6 10 13 1 9 1 16 6 4 14 12 17 2 16 18 10 1 3 6 2 2 13 3
58
1 28 33 10 23 19 12 26 30 14 16 18 30 24 13 8 15 17 23 21 13 13 30 28 14 24 17 12 14 2 35 3 15 21 33 13 24 12 28 28 6 18 14 5 22 10 34 19 15 21 12 15 14 31 10 17 32 21
156
13 4 6 9 5 9 8 3 8 13 11 7 8 12 6 1 1 12 1 10 12 9 1 3 8 5 4 3 9 12 11 6 7 6 4 10 10 4 13 6 10 5 1 1 2 10 3 7 5 5 4 4 11 2 3 10 4 7 10 4 10 10 7 5 10 3 8 5 3 11 1 4 11 7 10 7 9 4 10 4 7 7 7 4 7 3 7 4 8 11 11 10 6 3 3 3 11 5 5 11 8 7 2 2 12 5 8 12 11 6 4 2 13 5 8 4 3 6 10 10 4 3 6 2 9 9 7 3 7 3 5 9 13 6 6 7 12 5 9 7 7 10 1 8 6 11 2 3 3 8 4 5 7 12 5 4
166
4 1 1 2 9 5 1 3 3 6 7 11 4 9 12 7 1 2 1 12 6 3 7 7 5 6 7 10 10 2 5 8 4 1 8 12 9 3 9 9 11 2 11 1 11 10 12 3 2 9 1 1 3 11 4 10 10 6 1 9 9 4 5 1 9 6 7 1 6 11 9 11 5 2 6 2 4 5 11 4 1 4 6 11 9 11 8 8 3 7 3 7 6 12 4 12 5 2 4 10 5 11 6 11 6 7 11 10 9 1 5 7 11 8 10 9 4 5 4 10 9 9 8 11 8 12 10 6 1 12 9 2 12 12 9 12 10 8 12 12 12 6 6 11 1 8 11 11 7 11 12 4 3 3 5 10 5 8 9 9 8 4 8 2 8 7
88
18 12 18 17 21 10 15 3 5 9 12 12 10 1 9 2 1 12 16 11 5 13 9 12 12 17 17 15 20 12 4 19 21 8 1 21 19 19 1 4 19 18 12 15 11 9 17 12 22 20 22 14 21 10 13 18 10 4 8 12 23 20 3 12 9 10 22 14 7 12 6 3 6 22 19 8 6 1 9 10 11 21 11 1 7 10 15 19
192
1 10 8 2 7 10 3 4 8 10 1 6 9 2 7 1 10 11 6 1 8 6 3 1 1 9 2 9 4 8 7 6 8 5 6 6 10 5 7 8 3 9 9 9 9 8 5 7 11 5 10 1 4 8 10 3 6 1 3 8 7 3 7 8 10 10 8 6 3 3 8 9 6 10 9 8 9 7 5 10 9 3 4 6 2 11 11 9 2 4 4 7 9 2 3 6 3 11 8 1 5 3 10 3 8 8 4 10 5 8 3 3 2 7 7 6 3 10 3 5 11 7 10 4 11 5 6 9 7 3 9 2 6 3 5 6 9 9 9 7 10 9 3 8 7 2 5 8 6 8 5 1 2 4 9 3 8 6 7 10 2 11 4 3 1 2 4 3 9 10 9 9 11 11 7 10 7 3 10 2 8 11 8 9 8 2 10 6 7 9 8 4
4
74 159 290 178
5
50 392 389 290 47
53
30 16 36 36 7 3 27 10 27 26 14 1 34 25 23 30 18 10 30 6 15 8 31 37 23 18 7 10 2 7 37 16 34 33 7 22 18 37 13 31 25 34 32 8 23 25 11 14 16 19 11 3 38
139
1 13 14 4 7 2 9 9 2 8 10 14 6 4 3 11 1 2 12 7 10 2 3 4 13 14 5 8 9 11 8 1 10 4 11 6 6 4 9 2 6 7 10 1 12 3 7 5 8 4 4 14 2 4 14 4 5 13 1 11 3 14 8 9 2 6 13 14 15 12 4 7 6 11 4 10 4 6 3 4 1 7 6 4 12 1 11 5 14 15 12 5 8 11 9 13 8 3 2 1 4 12 13 3 13 8 10 14 8 12 13 7 3 13 10 12 1 8 11 3 3 12 7 12 4 7 8 9 3 7 13 3 2 8 5 7 2 2 6
60
17 11 31 33 12 3 28 25 1 19 28 4 33 27 33 25 27 27 21 10 17 23 11 24 32 2 30 9 22 19 16 24 24 15 26 4 15 32 34 16 5 8 17 32 23 32 19 28 10 22 21 12 4 22 9 12 11 9 18 4
147
1 3 11 5 3 12 1 10 8 1 3 11 11 4 1 11 4 6 7 4 11 10 2 10 2 6 11 1 10 1 13 12 12 2 13 11 4 14 1 6 11 7 10 3 13 3 12 13 7 8 11 11 7 3 2 11 14 7 4 13 13 1 2 5 13 4 5 2 12 12 8 12 14 4 6 9 10 2 14 7 2 9 10 2 1 3 3 5 3 6 4 12 2 2 8 12 3 13 9 5 13 11 2 12 6 3 2 7 3 9 11 7 12 12 14 7 5 7 10 4 8 8 5 8 2 14 2 3 7 2 6 10 2 5 7 6 11 1 10 2 4 8 13 10 5 5 11
183
7 11 11 8 11 6 1 11 6 10 6 2 11 3 10 6 11 11 8 10 5 9 6 6 9 2 6 10 2 9 9 2 4 10 6 1 7 11 8 8 4 1 2 4 8 7 8 5 4 6 5 6 2 3 8 9 2 1 4 5 2 7 8 6 10 1 4 3 11 7 11 5 9 6 8 3 7 6 1 3 6 1 2 9 5 5 1 8 4 5 4 1 4 1 9 8 5 11 1 5 3 5 10 8 8 2 2 3 8 7 6 10 1 11 8 6 11 6 8 7 1 2 10 8 10 3 11 1 2 9 4 3 2 9 8 9 2 9 3 2 11 1 9 5 11 3 10 9 10 5 8 9 6 11 11 7 5 9 10 7 10 11 9 11 11 3 7 3 5 8 7 7 8 10 6 6 10 1 4 6 6 5 7
71
27 26 19 27 14 4 7 17 8 17 21 10 4 3 19 11 18 17 12 10 2 28 13 14 10 26 16 3 5 6 26 16 18 4 24 6 24 13 3 12 17 24 14 17 27 7 5 20 1 2 15 7 9 17 8 14 28 17 2 1 5 13 18 20 4 1 21 10 15 10 28
13
49 115 29 138 140 122 143 112 40 137 116 129 79
91
10 12 2 6 8 14 4 10 16 8 7 1 17 20 21 10 3 1 17 5 11 14 18 18 15 15 5 4 1 11 2 21 22 19 5 15 17 1 21 22 20 22 10 18 5 4 2 2 13 12 18 19 20 9 11 2 15 4 13 6 8 1 18 12 3 20 15 15 17 21 11 14 5 6 4 13 22 12 14 5 7 22 6 19 20 14 8 12 9 19 5
172
9 10 12 3 1 4 5 8 2 11 9 6 8 10 9 2 11 9 1 3 10 11 6 5 6 7 11 4 1 5 4 1 8 7 10 4 8 9 11 3 12 4 11 2 7 4 10 10 11 2 9 5 1 6 11 11 10 11 3 2 10 1 9 9 11 7 3 1 1 2 5 10 1 10 3 8 3 3 3 10 3 8 11 2 8 12 5 4 2 1 6 5 4 6 7 8 5 10 4 5 3 4 3 8 7 11 7 10 10 7 8 9 6 6 10 11 3 9 3 10 12 10 6 4 2 1 5 4 1 10 5 10 11 7 5 4 9 4 11 3 7 6 3 7 4 6 12 2 5 10 11 11 3 2 2 1 6 11 7 5 9 7 8 2 10 1 7 5 10 4 1 12
89
19 11 4 4 21 13 9 6 10 13 6 16 16 11 20 6 4 6 21 7 5 10 14 12 7 21 1 16 15 12 6 4 16 22 12 11 12 2 13 8 14 12 18 3 7 4 17 21 10 18 17 23 10 18 3 8 21 9 20 5 6 17 6 20 1 13 18 3 4 19 7 4 2 19 14 14 7 11 2 6 21 19 7 16 2 12 8 8 7
53
6 17 4 20 12 9 11 1 22 25 37 13 22 12 5 31 33 8 18 24 4 6 3 24 25 38 38 15 25 35 12 34 16 22 35 34 12 7 21 25 8 32 16 25 21 29 12 2 26 35 19 4 29
70
11 1 14 27 14 24 9 4 7 17 3 16 15 16 17 13 9 27 15 27 29 7 10 3 19 8 28 26 6 15 2 22 24 1 22 17 21 3 11 13 27 7 12 27 12 28 3 21 3 16 26 21 10 15 14 18 26 12 2 1 24 22 24 26 29 3 14 10 11 25
42
40 32 16 1 4 12 11 41 45 47 36 42 22 13 47 32 34 5 41 3 22 12 32 1 22 37 25 44 11 9 28 6 38 12 36 43 19 25 33 37 45 28
20
81 42 94 15 87 1 95 17 25 74 55 6 65 13 74 55 20 53 75 62
121
1 10 6 10 1 5 8 4 5 4 16 8 5 11 14 1 14 4 4 2 2 8 5 11 2 3 1 15 10 8 16 16 4 17 5 16 15 9 11 5 4 16 13 14 16 14 8 15 6 12 1 10 9 17 17 15 4 1 3 16 13 3 12 4 7 16 10 16 7 6 11 13 11 2 10 11 12 11 1 1 2 6 16 9 9 7 8 15 8 3 1 1 13 8 15 13 16 7 7 8 8 2 8 2 15 9 4 10 1 9 7 7 13 13 11 15 16 2 1 15 4
166
12 7 7 6 1 10 3 9 9 8 3 12 11 12 6 3 3 6 12 3 3 12 12 4 8 9 5 7 12 11 4 11 8 5 4 4 3 4 1 12 2 7 8 2 4 5 9 12 8 1 3 3 8 3 8 1 3 12 1 6 12 2 3 9 9 5 1 12 10 1 8 6 1 9 6 4 1 6 9 8 9 9 9 3 4 9 11 9 1 6 6 10 7 4 10 2 11 9 9 9 4 7 10 8 3 12 12 7 8 10 10 12 7 3 11 9 2 2 7 12 8 7 9 12 2 12 3 9 7 8 1 12 8 11 2 8 4 8 3 5 4 5 10 1 1 6 1 12 6 7 2 9 6 11 6 5 8 7 9 11 7 11 4 3 12 1
127
2 12 11 6 7 16 5 14 11 7 1 6 11 8 1 13 14 15 8 7 15 13 10 13 2 14 6 13 7 3 5 8 2 15 4 2 13 15 8 10 9 3 15 10 2 12 6 4 10 7 9 7 11 11 13 1 16 12 4 10 11 15 15 6 11 2 8 8 9 11 11 3 5 3 12 2 10 9 12 5 13 11 1 10 7 2 12 1 13 8 9 3 11 14 5 9 14 2 2 4 9 4 16 10 6 15 16 12 9 15 16 6 10 6 9 7 7 5 14 13 3 16 8 5 4 13 15
173
12 9 5 8 6 7 11 9 7 6 7 8 4 5 7 5 3 2 7 3 11 11 8 12 4 3 11 4 8 11 3 10 11 1 3 5 12 11 8 2 7 10 12 9 1 10 2 3 5 9 4 7 2 5 7 4 5 9 7 9 3 1 12 6 5 1 4 6 7 8 8 7 6 2 2 1 2 11 3 12 8 12 1 4 10 2 5 7 1 4 3 2 1 4 12 8 11 1 10 3 11 11 12 8 11 8 6 8 10 5 11 10 1 11 4 9 5 5 11 11 6 3 4 2 1 4 4 12 8 11 10 8 3 3 11 1 4 7 10 1 6 7 3 6 6 9 3 4 3 11 1 4 10 9 4 3 10 7 6 8 11 5 7 10 6 5 2 8 9 5 1 8 10
6
253 107 23 23 134 248
76
14 14 20 10 26 1 8 24 19 13 20 15 4 11 19 19 9 8 23 10 5 13 4 9 8 15 11 20 9 12 17 20 4 2 6 20 2 10 23 2 23 17 18 10 16 5 19 8 18 23 13 8 7 10 5 12 2 24 13 21 19 7 7 20 10 21 8 16 25 5 3 7 26 19 20 15
74
7 23 23 18 15 11 13 25 7 17 27 18 27 11 19 22 7 20 23 4 19 25 6 18 27 15 25 6 19 21 2 24 3 26 2 22 5 11 3 27 9 21 13 8 2 12 24 13 12 13 18 3 22 14 13 16 26 8 6 11 17 14 19 19 25 20 6 24 19 15 23 8 12 22
164
7 8 2 6 12 10 12 11 7 3 2 1 8 12 5 2 4 5 4 8 1 5 5 5 2 2 13 3 13 6 6 1 8 4 5 7 5 10 2 11 10 2 4 12 11 12 7 11 7 12 8 3 6 2 2 12 11 1 2 2 9 6 5 4 2 2 2 3 6 7 3 12 5 7 5 4 12 5 7 4 6 3 6 3 8 13 2 5 8 9 7 8 6 1 10 4 12 10 9 8 4 2 7 10 4 7 4 8 8 4 2 6 1 11 3 1 7 5 12 11 7 13 9 5 12 2 3 7 9 3 11 3 11 12 9 3 12 1 5 4 2 12 1 2 5 2 1 7 9 10 10 12 7 2 5 1 8 9 11 12 9 12 11 2
101
11 4 10 9 2 13 15 18 11 11 12 18 19 5 15 16 13 11 3 3 3 16 2 16 2 15 6 3 13 6 15 15 7 8 3 8 10 7 8 6 9 10 17 6 8 14 4 10 9 19 10 4 9 7 14 1 10 17 5 1 7 4 18 6 16 8 5 17 15 19 10 18 11 14 4 14 1 2 6 18 9 11 6 7 8 13 20 5 17 8 14 18 4 18 10 19 13 4 3 4 1
3
189 400 317
96
5 9 15 9 11 5 17 17 5 11 7 17 5 4 19 5 7 19 2 9 11 2 5 10 21 6 14 5 9 20 20 2 12 15 8 3 12 17 18 20 6 8 8 13 2 14 13 6 11 10 3 19 11 14 11 19 9 1 16 2 17 12 16 4 9 11 6 1 21 8 11 7 10 3 14 7 19 4 18 19 12 15 11 15 11 20 7 19 13 21 19 14 19 9 2 20
175
2 2 9 8 2 5 6 4 8 3 4 3 4 11 3 5 9 3 10 11 8 9 3 10 8 8 1 2 7 3 8 4 3 10 4 7 5 4 1 6 6 3 5 12 11 2 3 5 11 5 9 5 6 11 11 3 4 10 11 2 5 2 6 3 2 10 2 11 6 6 6 12 3 7 10 11 7 1 8 12 10 11 1 6 6 11 6 4 9 9 7 5 2 7 8 7 11 3 2 6 3 6 7 6 6 1 1 7 9 5 11 9 9 1 8 8 5 11 12 4 10 9 4 5 6 3 8 7 5 12 6 11 1 2 6 10 11 4 3 7 7 6 7 11 11 8 2 11 8 4 1 1 9 8 8 8 4 4 2 7 3 11 3 6 6 6 2 4 9 1 2 1 12 7 8
191
7 2 3 4 5 3 2 4 11 5 4 6 7 7 5 1 9 4 8 1 11 9 8 6 1 7 8 8 11 8 1 8 4 3 4 5 4 1 7 9 3 2 5 10 9 7 5 5 7 5 9 6 10 5 3 3 1 4 8 8 6 8 1 6 3 8 7 2 2 7 2 2 3 8 11 3 6 9 1 6 7 3 6 8 8 2 9 7 5 1 6 3 9 6 3 2 3 5 6 5 2 3 5 7 9 4 7 2 9 9 4 8 8 10 4 8 2 5 6 10 5 2 2 10 7 4 3 3 11 6 10 4 1 4 11 8 3 4 3 10 4 6 9 9 5 9 1 9 3 2 2 9 4 9 6 9 2 2 8 2 4 8 7 5 2 2 4 2 6 5 1 2 2 4 7 1 8 11 1 5 2 3 6 5 8 8 8 5 3 1 11
28
17 36 24 19 39 33 21 71 66 34 2 17 7 54 38 9 1 28 58 22 51 22 39 35 5 64 71 3
164
10 8 7 10 7 1 10 3 4 11 12 2 11 10 11 5 10 1 2 7 11 11 2 1 4 12 5 11 1 8 3 9 9 11 9 8 7 1 7 7 8 5 2 3 6 6 6 10 9 2 11 11 9 9 12 5 4 1 10 11 3 7 4 8 9 4 9 7 10 5 4 5 2 4 12 9 12 4 5 10 5 12 6 4 5 11 10 6 11 1 7 1 8 8 9 9 4 3 1 2 4 8 6 9 12 6 1 3 7 5 7 7 11 9 7 3 10 6 3 2 7 5 8 12 11 1 12 6 6 4 11 11 4 9 2 3 8 12 12 11 9 2 7 8 11 8 8 1 5 2 3 8 5 3 3 12 10 10 2 9 7 4 12 7
83
5 21 20 15 2 8 12 25 20 3 13 17 1 22 7 8 19 10 4 1 1 10 1 14 6 5 9 21 4 1 21 13 1 6 6 7 3 6 6 13 9 7 1 15 4 10 6 17 13 13 8 23 1 15 23 18 21 7 17 19 7 8 5 4 9 10 23 15 16 17 6 20 12 17 7 10 23 15 20 24 15 2 17
173
7 11 3 1 1 1 7 4 11 5 5 4 1 6 7 7 9 7 10 7 7 2 10 4 10 8 10 3 9 3 7 2 11 11 1 9 11 11 5 1 10 10 11 12 1 11 3 6 10 1 3 10 10 6 11 1 7 6 3 1 5 4 10 8 3 7 1 8 12 10 8 5 7 4 4 10 1 11 10 6 3 7 3 6 2 9 6 10 4 9 8 10 1 2 9 4 11 11 5 6 9 10 9 4 5 10 6 1 4 2 9 7 5 2 12 7 7 2 10 9 9 5 4 4 3 5 3 6 5 4 2 4 11 1 11 1 11 8 8 7 12 4 8 11 10 9 3 5 11 1 3 6 8 7 1 7 1 1 3 6 10 12 3 11 9 8 6 8 8 5 5 7 9
179
1 10 9 9 2 5 11 6 10 7 10 11 8 4 1 4 10 7 10 3 5 3 5 9 5 9 7 11 2 9 3 7 11 9 3 3 10 10 7 7 6 3 11 10 8 1 7 3 3 8 3 10 6 11 8 6 10 4 5 3 10 10 7 3 2 7 2 2 6 6 12 1 3 10 8 7 10 4 6 7 9 10 7 7 7 8 6 6 3 6 11 10 5 11 4 11 6 9 3 9 9 8 3 11 8 3 8 11 11 8 9 9 9 2 4 6 10 7 11 9 2 9 10 11 2 11 1 7 11 2 3 9 11 9 10 8 10 1 7 2 6 6 10 1 6 11 5 10 4 2 11 4 8 11 7 2 6 10 10 2 1 11 2 1 5 5 7 11 4 11 5 2 12 2 10 7 9 2 11
200
8 2 5 4 10 8 1 6 8 2 9 2 5 6 3 9 10 3 5 3 1 5 4 1 1 5 8 8 9 9 3 2 6 1 8 3 1 6 5 4 6 7 4 3 10 2 7 5 3 2 10 8 6 6 9 7 9 2 3 10 8 10 1 1 8 10 9 6 6 5 9 3 8 6 3 9 7 4 10 7 8 6 2 10 3 8 10 3 9 8 8 5 2 7 5 10 5 2 6 7 3 4 5 5 5 1 9 5 9 4 4 8 4 4 1 3 10 5 3 4 1 5 8 7 3 7 6 9 9 3 7 4 9 5 8 10 3 7 6 6 7 10 6 4 3 5 5 6 9 3 4 9 8 7 10 5 9 2 2 9 2 5 2 5 4 8 5 1 1 5 3 4 10 6 10 9 9 1 1 5 2 9 4 2 3 3 4 6 5 5 10 4 4 9 6 10 8 10 8 7
128
5 7 5 1 13 6 4 13 16 14 1 15 14 5 8 1 1 7 9 7 8 5 14 12 14 13 9 3 1 13 15 1 6 6 6 13 5 13 8 1 3 10 14 13 4 3 10 3 3 13 4 4 2 9 4 15 10 12 6 4 5 10 1 2 14 1 5 8 6 7 12 5 6 12 15 10 3 12 6 1 4 11 1 3 13 7 8 2 14 11 14 13 13 7 7 9 12 1 13 2 2 4 2 1 8 8 14 13 14 9 15 5 1 2 8 13 2 10 13 5 6 15 13 13 14 11 14 12
7
72 107 149 154 252 52 33
58
19 12 21 30 12 28 13 33 23 11 15 23 30 11 2 3 28 15 4 16 23 9 31 25 29 4 33 30 33 6 34 26 8 22 18 25 10 23 29 31 19 31 7 26 5 15 10 29 19 34 22 18 10 7 3 2 1 1
188
6 10 4 4 11 8 1 5 9 9 1 6 7 5 5 11 7 7 6 5 3 2 4 9 9 3 5 6 6 1 1 5 3 9 9 4 9 7 6 7 6 11 6 9 3 6 6 8 9 1 11 11 3 7 2 1 6 6 2 6 9 4 10 11 4 5 11 3 11 6 2 10 2 6 6 10 2 5 3 11 7 11 1 3 11 10 6 11 9 9 11 7 5 8 1 3 7 1 2 10 1 10 1 1 10 10 6 11 5 4 2 10 4 3 5 11 7 5 7 10 1 8 9 6 10 10 2 1 6 3 9 3 8 7 8 5 8 6 4 10 5 10 2 5 7 9 2 8 7 1 1 3 10 7 9 2 10 6 2 1 8 2 6 9 2 8 1 8 10 4 9 9 3 6 3 9 4 8 3 6 2 4 9 6 6 6 4 11
143
7 13 7 14 3 3 5 11 9 7 9 4 7 11 10 1 11 3 5 12 8 11 13 5 6 7 12 9 9 10 8 6 12 7 3 4 4 6 10 4 8 4 4 9 1 3 13 12 2 13 8 2 4 11 4 12 12 1 3 12 8 7 10 5 7 2 1 14 7 8 9 3 1 2 14 10 3 2 13 1 6 1 7 4 12 1 7 1 2 5 13 10 10 4 3 13 2 7 5 9 8 10 3 11 3 6 8 3 9 2 11 1 6 10 4 4 4 13 4 5 2 4 8 2 12 4 2 2 10 5 14 4 14 1 1 5 8 5 13 13 8 3 7
126
6 9 5 6 11 13 4 16 6 9 11 10 6 6 6 11 4 1 3 8 9 9 8 13 10 4 13 13 6 12 7 7 11 5 5 14 9 3 10 6 3 12 11 3 6 11 15 13 16 8 6 7 12 5 8 5 7 6 13 4 15 12 8 10 5 7 9 5 16 1 3 14 8 4 8 12 6 2 14 9 16 3 1 10 6 11 4 16 14 8 12 9 13 15 1 2 7 14 6 16 5 16 4 11 13 6 8 3 11 2 13 3 8 3 10 14 16 5 8 13 13 4 8 5 10 3
179
7 2 7 7 7 11 1 10 6 5 7 6 9 6 1 7 5 5 6 9 3 11 11 3 2 9 6 11 10 4 6 3 8 4 9 6 10 4 7 2 11 3 9 9 7 9 6 1 11 2 3 8 8 5 1 10 7 4 2 1 11 10 3 4 1 1 5 11 9 8 2 8 10 2 10 9 6 7 10 10 1 1 6 11 6 4 6 11 10 10 10 9 2 1 10 1 7 2 5 8 7 10 10 9 10 7 6 6 9 9 8 1 10 6 5 11 1 1 9 4 5 1 6 6 9 10 4 5 7 7 12 8 6 5 3 3 1 9 7 8 5 7 8 8 1 10 6 11 10 10 2 1 5 1 1 3 11 4 1 7 7 6 1 5 7 10 3 2 9 9 4 2 2 7 10 8 2 11 5
145
1 3 10 7 8 12 1 9 11 7 3 2 12 4 11 5 7 14 12 3 10 1 12 4 3 8 11 8 9 5 10 9 6 6 2 6 4 10 5 14 3 5 8 14 9 5 9 11 4 2 5 7 14 3 7 6 1 6 3 2 4 10 9 1 9 13 4 7 4 2 13 12 3 12 13 13 10 6 7 6 6 11 11 9 7 10 11 11 9 10 7 11 12 7 6 1 5 2 13 10 3 2 10 7 2 12 6 5 2 7 10 6 4 5 8 8 13 8 11 1 3 7 6 9 11 3 3 9 14 9 6 12 2 3 8 10 4 14 10 4 13 11 1 4 7
73
28 13 23 20 22 20 14 26 20 19 2 1 10 16 6 13 16 6 27 22 23 18 20 24 23 21 16 17 2 11 17 25 21 11 1 19 9 6 17 14 17 7 11 7 19 14 27 3 25 2 4 21 4 2 24 27 26 14 23 15 17 21 10 1 2 25 3 26 21 8 19 18 19
95
10 11 13 8 14 10 5 17 11 13 20 5 4 6 6 4 14 18 7 1 20 13 4 7 21 9 15 13 7 8 6 3 13 9 18 2 11 7 20 2 9 16 21 8 3 8 20 4 8 14 17 3 13 4 4 8 1 13 18 15 16 11 18 3 10 5 11 10 16 12 6 16 7 14 19 21 13 1 19 19 12 10 13 20 20 21 10 9 8 21 4 4 7 18 16
200
8 10 2 5 8 4 8 1 10 2 8 6 4 3 5 7 9 2 2 9 6 5 2 10 8 1 8 5 3 6 4 8 1 5 1 7 5 3 1 5 4 2 3 1 8 3 5 2 7 9 7 2 3 10 5 2 9 4 8 4 2 5 9 9 7 2 9 2 8 5 8 10 8 5 4 6 4 8 2 5 4 6 9 4 5 3 10 7 3 6 6 1 8 2 8 5 3 4 9 8 7 6 4 10 1 6 3 2 5 3 10 10 1 5 10 2 1 1 9 8 3 8 4 8 1 7 4 10 4 4 4 2 9 10 9 4 4 5 10 8 5 7 5 9 10 7 3 4 5 5 4 10 7 6 9 10 7 9 9 5 5 10 10 6 3 2 6 6 9 7 7 8 2 2 1 1 3 5 9 3 3 10 8 4 1 3 6 4 1 3 8 5 5 6 10 4 1 2 3 4
171
10 7 1 4 6 1 9 4 1 4 3 6 1 9 9 10 11 8 6 5 4 5 2 2 9 9 1 4 2 6 5 3 5 3 12 6 9 11 7 9 9 8 3 11 6 1 10 8 9 11 7 11 6 6 7 7 10 3 11 1 3 5 5 11 5 10 6 10 5 10 4 10 8 12 6 4 7 6 11 5 11 6 2 1 7 7 9 4 1 9 5 6 3 1 4 2 4 1 3 4 10 3 1 1 2 8 5 8 10 12 2 9 2 10 9 10 5 6 10 4 1 11 11 11 7 12 9 1 9 6 12 12 3 7 4 10 12 8 11 3 9 6 5 5 2 7 3 5 11 8 6 5 10 5 3 5 10 4 2 4 9 10 11 9 9 3 11 4 1 1 6
159
12 11 7 3 13 7 6 11 9 2 5 11 11 5 12 3 12 12 2 3 1 2 7 7 13 4 1 8 1 13 13 7 7 11 6 1 9 2 13 8 9 6 6 2 9 6 11 10 7 1 2 4 4 11 9 1 1 7 2 8 3 8 8 1 3 4 8 12 7 7 10 10 5 7 2 2 3 11 11 11 3 7 13 11 13 12 4 3 6 4 4 7 1 7 9 3 1 1 1 2 11 6 2 4 9 5 11 9 12 13 7 8 7 9 10 2 1 5 9 4 11 2 3 4 6 1 12 8 1 10 4 10 10 7 5 4 7 2 11 8 6 12 7 10 12 5 1 10 13 4 4 4 12 3 7 9 12 13 2
125
16 10 5 1 1 12 2 5 7 3 14 1 16 5 15 3 10 5 14 1 5 11 11 5 10 8 6 16 3 14 3 14 16 5 3 4 12 7 8 10 14 6 9 11 5 3 9 12 6 4 4 11 9 15 15 6 10 1 14 3 5 2 11 6 6 10 8 8 15 13 11 15 2 13 11 3 6 13 12 15 10 2 11 1 1 9 15 14 8 10 5 6 5 1 5 9 10 14 2 9 13 1 9 4 14 7 10 4 15 2 6 4 8 11 4 15 9 5 8 11 7 14 16 2 4
45
29 43 23 10 28 12 38 37 26 30 44 17 21 38 1 16 44 9 31 39 39 7 13 41 40 1 23 35 28 9 33 43 41 44 41 29 17 45 35 8 12 9 43 11 3
171
9 9 10 8 9 4 2 9 11 9 9 2 3 4 10 7 9 1 12 6 1 3 9 6 9 12 11 3 6 7 5 12 7 12 4 11 8 10 12 1 4 10 11 4 10 4 5 9 4 1 12 9 12 8 8 6 10 1 11 9 10 7 2 1 10 3 8 3 8 2 5 6 5 5 3 10 4 1 6 12 11 3 2 9 3 12 12 10 1 12 10 10 2 7 12 12 9 5 10 7 8 5 12 7 2 7 2 9 2 1 4 7 11 12 2 5 1 1 11 2 9 4 5 6 3 10 9 9 4 10 9 3 4 6 6 4 5 8 11 11 3 7 10 11 9 12 9 9 9 6 8 10 1 3 1 8 6 9 9 1 11 6 5 6 2 3 10 3 2 10 12
6
255 107 134 214 286 18
102
4 5 7 2 2 9 5 14 15 20 10 1 16 12 11 12 9 15 14 12 17 1 2 17 16 2 4 4 1 7 18 18 17 10 17 1 8 13 18 16 19 15 3 5 18 19 1 12 17 1 17 5 5 4 6 12 4 4 6 5 2 7 10 1 7 5 7 16 5 1 13 8 9 9 10 9 20 6 4 15 6 18 10 10 15 20 8 10 6 5 18 8 3 10 17 10 3 4 9 15 12 2
121
10 5 12 15 15 8 13 17 4 2 3 1 16 6 9 2 13 9 15 8 6 9 9 6 4 12 5 6 1 5 16 17 1 5 4 5 11 3 2 15 4 13 2 6 16 7 8 11 1 6 12 8 7 5 15 1 17 10 8 12 1 6 9 7 7 11 13 3 2 6 11 7 4 7 3 13 2 5 9 9 2 9 5 11 7 12 5 5 5 13 6 6 11 17 9 2 4 8 1 7 9 10 6 6 2 15 10 1 14 12 13 9 7 10 3 3 17 17 3 6 1
120
8 12 7 16 4 9 13 14 9 14 10 2 15 7 11 17 6 17 2 12 1 15 16 10 11 12 13 7 1 12 15 13 8 5 7 2 8 13 11 3 5 7 7 15 14 10 1 10 11 15 14 12 7 4 1 16 15 7 16 2 2 15 1 3 8 2 9 8 17 1 8 16 9 15 8 9 9 16 1 6 2 11 5 8 5 16 9 16 7 2 6 1 8 3 7 9 4 11 2 16 3 14 11 16 11 13 12 8 8 8 1 10 13 11 3 2 6 14 4 17
162
9 9 1 6 2 10 6 3 10 8 11 10 8 10 3 1 6 11 4 3 11 8 8 10 8 10 2 12 12 5 4 1 5 10 2 10 6 6 8 5 3 12 12 1 8 1 3 3 8 2 10 3 9 5 9 3 3 6 6 1 8 4 9 7 8 10 4 1 5 2 5 4 2 8 6 9 4 5 1 4 9 5 9 1 1 4 10 10 4 4 7 13 9 13 6 6 7 7 4 4 11 6 11 10 4 5 6 2 12 6 2 2 13 12 7 10 11 7 7 9 5 3 8 1 12 12 12 7 3 7 5 11 10 11 11 8 11 7 3 9 6 12 12 10 13 8 7 9 8 7 11 9 13 8 4 1 8 4 12 12 10 4
75
13 25 8 16 3 8 12 22 7 16 2 14 21 18 6 4 18 1 18 14 4 3 24 10 13 10 7 24 5 18 11 18 23 23 17 19 19 12 27 22 4 9 2 24 12 16 16 12 20 3 17 24 25 14 12 26 24 20 22 18 20 24 24 11 2 7 9 3 13 5 23 13 5 21 1
33
13 32 3 56 12 1 42 34 18 57 18 28 3 48 48 58 3 35 61 50 59 35 13 1 1 60 7 44 23 59 18 30 2
91
13 12 7 20 21 11 14 16 10 9 9 4 18 9 19 19 1 11 12 6 7 8 6 1 7 21 2 5 6 16 18 12 12 18 15 14 5 9 12 10 15 7 1 6 13 19 16 13 10 21 4 7 9 15 3 19 7 10 11 3 11 15 9 22 14 16 10 19 3 21 13 12 9 5 8 7 16 9 16 19 15 11 18 10 6 22 9 20 19 14 4
25
50 5 72 33 38 61 21 50 11 28 31 59 5 13 3 21 45 52 63 8 21 58 28 55 5
20
19 62 52 48 70 68 2 31 5 17 15 10 56 80 1 80 56 33 50 30
88
15 6 12 2 9 19 8 22 21 14 21 15 4 22 23 15 9 16 10 14 17 9 7 4 15 15 16 2 19 20 9 14 7 16 20 23 19 22 21 9 20 15 9 6 15 12 18 20 18 9 1 8 18 2 19 4 11 2 20 17 13 22 10 21 1 14 14 6 13 5 9 7 12 9 6 6 3 14 1 21 21 20 13 18 11 16 13 21
110
5 12 13 13 6 11 7 14 16 4 16 18 12 5 14 15 13 8 5 16 2 2 12 1 15 16 6 16 15 2 18 14 7 7 9 15 11 2 1 10 16 16 18 5 10 3 12 18 13 1 17 16 16 7 7 18 13 3 19 16 13 12 2 7 7 3 17 9 17 9 6 10 5 13 17 18 12 12 2 9 3 7 4 13 15 13 13 13 13 7 7 2 9 13 16 9 6 1 13 11 3 19 8 5 4 6 4 4 18 9
97
13 18 8 1 8 20 19 19 3 13 9 12 12 8 16 20 15 7 2 10 10 3 12 15 14 16 9 11 6 14 3 5 8 11 11 8 5 3 5 15 6 13 5 5 20 11 10 14 8 7 20 1 8 14 9 19 20 20 10 13 5 20 8 11 18 18 15 12 19 18 6 2 19 8 19 3 21 7 7 11 10 21 1 15 10 4 13 17 9 10 5 10 10 15 1 17 19
6
129 271 290 54 282 279
56
35 1 5 18 16 5 32 9 12 12 28 34 23 33 27 26 15 12 32 4 26 10 30 7 22 11 17 21 27 30 4 6 25 28 17 28 31 14 11 21 11 11 5 2 14 30 24 16 22 17 25 26 19 32 20 20
96
16 3 2 13 18 9 16 1 11 4 13 17 3 19 16 18 10 6 17 15 12 2 3 11 14 19 14 12 9 12 21 3 15 7 20 4 1 13 2 2 2 16 12 3 13 17 8 19 21 12 1 20 5 6 6 16 3 9 13 17 21 6 4 10 21 15 6 15 10 9 16 3 18 15 7 21 15 14 7 16 1 1 19 20 8 15 16 12 1 4 7 20 16 17 13 1
178
2 9 11 4 5 10 4 3 10 1 5 10 5 3 4 7 1 1 8 2 4 10 5 9 2 2 5 10 4 5 1 2 8 6 1 5 6 10 11 2 8 6 2 6 3 2 1 5 8 11 3 7 9 7 2 3 11 12 8 2 10 2 1 4 2 2 10 4 6 4 4 11 9 4 8 2 5 11 9 8 3 11 11 11 12 11 5 9 10 9 5 8 6 7 6 3 5 7 2 12 7 5 10 1 11 1 4 7 2 4 2 9 1 6 1 11 3 10 7 4 6 8 5 8 4 2 8 12 6 7 8 2 6 5 9 3 9 1 8 10 11 5 7 12 7 5 6 10 4 11 8 3 8 2 1 9 3 8 6 10 10 1 2 2 1 9 7 7 3 4 10 1 11 6 9 6 4 4
39
25 3 27 13 2 18 2 41 12 1 2 41 39 19 18 48 49 50 31 29 14 23 1 13 7 46 50 10 17 24 47 48 25 18 26 4 43 5 24
110
11 4 5 13 14 15 2 13 8 3 3 13 6 3 2 8 2 15 14 8 9 16 19 9 9 16 6 16 16 9 17 5 14 9 12 15 7 3 5 5 9 12 1 5 16 15 5 18 6 10 3 8 8 14 10 18 7 18 13 8 8 9 14 16 10 1 5 11 2 6 4 1 15 4 17 2 12 14 5 14 11 8 14 18 8 6 8 10 9 10 19 8 3 6 14 1 7 11 14 17 10 18 14 5 2 15 5 12 13 7
85
21 8 21 20 19 24 11 3 20 14 12 11 10 16 21 2 1 11 19 19 12 21 14 14 15 1 21 7 20 19 9 8 20 9 18 16 9 20 1 1 19 21 19 2 16 23 22 9 12 9 17 9 1 13 2 7 13 13 2 11 20 8 12 16 9 15 23 22 18 22 16 15 22 21 22 11 7 16 8 24 16 12 16 9 22
40
19 1 25 45 6 47 9 26 41 15 28 40 36 37 24 45 20 50 25 40 8 40 11 27 21 50 45 49 43 26 17 34 48 4 47 23 25 11 12 44
60
26 20 6 24 10 1 6 21 14 21 22 28 3 29 9 27 34 26 30 12 23 12 26 9 17 9 11 1 14 21 18 5 18 26 27 3 29 12 18 29 22 15 17 31 2 27 24 32 15 3 18 9 30 9 16 11 4 17 27 19
186
9 4 7 10 6 1 3 10 4 7 4 2 9 6 5 9 7 7 1 2 1 6 6 5 4 10 8 3 6 7 10 11 9 6 7 9 7 11 4 11 2 2 2 8 1 4 6 9 11 11 3 10 7 5 5 8 6 6 4 3 6 1 3 1 6 8 3 9 3 11 7 7 4 9 8 8 8 1 7 9 11 7 10 10 9 9 3 2 9 5 1 7 1 7 11 10 2 2 10 10 4 3 1 2 3 1 7 3 1 10 11 8 11 8 3 6 11 9 5 11 5 2 7 1 11 2 8 5 11 10 3 8 7 5 11 9 5 8 9 2 10 10 6 2 4 4 9 9 10 1 3 4 3 3 5 2 3 6 1 8 8 7 10 4 3 8 5 7 2 11 5 10 2 1 7 11 6 4 6 3 2 9 10 9 2 11
62
20 28 24 22 18 13 3 16 5 21 15 11 29 9 21 2 1 26 12 16 19 14 16 4 3 28 1 8 21 7 26 1 25 24 26 13 18 11 16 17 30 21 13 1 23 2 7 30 17 4 12 16 15 5 4 11 29 17 16 13 14 14
185
2 1 6 8 7 10 4 3 8 10 7 6 1 5 5 6 7 7 6 1 9 11 7 11 10 3 1 2 11 9 5 5 5 5 5 2 6 9 8 4 10 4 4 8 4 11 2 6 2 1 4 10 8 6 8 10 7 9 2 5 2 4 1 2 3 4 3 4 3 6 2 6 5 1 11 9 7 8 6 5 1 2 10 10 11 3 5 5 8 1 6 4 9 11 1 1 10 9 3 4 3 1 5 9 3 8 10 4 7 8 8 10 2 7 1 8 2 6 7 3 7 10 6 2 1 8 6 3 10 4 4 6 2 4 6 9 4 4 2 1 1 2 2 9 10 1 6 8 5 3 8 3 8 4 10 7 8 10 1 10 8 10 9 1 5 10 10 5 5 1 6 7 6 6 9 3 10 3 1 10 4 5 4 8 10
118
6 16 7 10 9 11 17 6 9 16 5 4 14 12 6 12 7 7 9 2 4 11 6 1 1 17 13 3 2 5 2 8 11 9 11 13 4 3 13 6 11 1 11 13 10 2 5 11 12 5 17 6 7 9 3 3 4 3 14 3 3 9 4 17 12 10 9 2 9 1 3 5 8 9 6 13 4 15 3 15 4 16 17 1 8 15 13 12 7 10 15 17 14 16 13 13 9 1 13 11 12 1 17 7 3 9 6 11 1 5 2 13 13 4 11 13 6 5
70
24 5 29 27 5 17 10 23 22 23 24 2 3 23 16 18 4 6 25 21 19 7 25 2 20 19 28 24 18 18 21 9 21 16 18 2 1 27 2 12 26 22 16 12 21 17 18 3 6 5 27 28 2 10 24 19 27 1 26 26 25 16 1 7 18 7 29 22 24 2
78
20 20 11 14 10 8 6 13 13 18 6 25 23 3 18 20 15 21 24 9 13 23 17 4 25 20 6 9 25 4 1 9 8 3 25 7 4 3 5 12 22 22 3 10 11 1 18 20 12 8 23 26 24 25 9 19 24 4 26 7 25 15 17 23 1 8 23 24 11 1 17 11 5 15 14 19 19 11
69
15 22 24 14 27 13 20 2 21 24 28 20 23 5 13 10 23 10 14 11 2 7 20 7 11 14 22 27 7 5 6 2 18 9 3 3 8 18 14 15 16 21 28 28 26 20 4 15 23 18 8 29 29 5 19 27 28 9 21 25 9 1 19 8 17 24 22 9 25
28
62 70 19 17 33 71 44 32 13 19 65 36 71 30 35 43 6 32 35 43 8 16 17 63 3 19 14 15
76
16 26 6 23 6 6 15 15 5 5 19 5 23 2 22 10 25 12 23 24 11 7 19 22 10 19 10 16 4 15 22 9 8 1 19 26 6 14 6 20 15 9 26 21 20 23 22 23 27 14 2 9 2 3 22 6 18 8 4 23 4 9 15 23 12 20 6 8 24 9 19 18 3 20 17 8
22
15 1 63 73 75 87 48 74 29 81 11 49 64 15 46 44 71 73 18 62 24 52
138
15 5 15 2 10 11 10 7 5 2 14 3 5 15 1 2 1 11 14 8 12 7 11 12 10 8 13 1 7 4 15 10 4 12 3 6 1 11 7 1 14 13 8 11 11 4 1 2 10 12 6 8 9 4 9 10 12 14 2 11 11 4 7 3 15 5 10 11 9 1 6 10 10 1 12 14 5 4 13 12 2 10 7 10 6 4 1 3 10 1 1 13 1 7 12 1 2 4 10 13 5 4 15 3 10 10 10 1 5 4 1 13 9 5 7 1 9 7 5 13 3 9 2 9 9 1 4 13 8 2 12 14 7 13 11 1 8 4
63
14 25 9 14 18 8 22 21 30 1 18 6 19 4 29 24 7 28 27 20 23 6 27 10 3 17 32 32 30 18 14 4 19 2 28 20 29 4 2 27 23 1 3 17 25 16 30 8 8 15 31 4 27 24 27 9 9 1 15 32 27 15 29
54
9 35 5 18 22 27 17 25 19 32 19 31 5 17 7 14 35 30 10 11 34 21 11 30 31 28 28 22 16 1 12 13 23 6 34 10 11 34 28 28 25 21 2 15 17 31 13 14 24 37 1 25 14 31
170
1 2 10 7 7 5 12 6 6 7 8 6 6 12 7 6 3 11 9 4 1 9 10 8 5 1 10 5 5 8 1 3 10 9 7 1 8 11 3 1 11 6 10 4 1 9 3 8 7 5 2 2 11 6 6 3 7 8 9 10 9 9 9 3 3 8 11 12 8 10 12 2 11 6 5 5 12 8 7 1 11 1 4 8 7 8 10 5 11 4 8 1 4 4 8 3 11 4 12 7 11 10 9 10 12 1 4 10 9 2 6 4 10 4 2 12 11 5 6 2 5 12 8 7 1 4 5 9 9 5 12 2 9 2 9 6 11 1 8 12 3 7 12 12 10 6 11 11 8 5 2 7 10 6 1 4 12 7 8 1 2 1 7 1 4 6 5 10 12 3
66
14 28 7 24 8 28 9 18 9 20 13 2 31 10 15 18 19 6 22 1 30 19 7 28 11 5 1 20 3 10 26 11 16 30 20 25 14 24 23 28 25 1 20 17 21 23 9 8 24 5 12 22 13 31 5 10 17 1 19 28 5 26 21 16 5 26
