68
284
5 2 2 6 2 5 2 3 6 4 7 2 4 4 2 3 3 2 2 7 4 5 5 2 1 5 2 7 2 3 2 5 1 4 6 2 5 3 3 4 2 6 1 2 7 5 7 3 6 6 2 5 6 6 1 4 3 5 1 6 4 5 1 4 2 5 2 5 4 3 3 7 5 1 1 3 2 6 3 1 6 2 5 3 7 1 6 1 7 4 5 7 3 8 4 2 2 7 3 1 6 1 2 5 2 4 3 1 5 4 4 5 5 7 1 3 7 6 3 3 3 4 1 1 2 2 4 1 6 1 6 6 4 6 1 3 4 2 4 5 3 7 3 6 2 5 5 3 2 5 7 5 3 4 3 7 7 4 3 4 6 4 7 1 2 6 7 3 2 3 7 7 6 5 5 6 2 2 5 7 2 6 3 1 4 1 3 1 1 2 8 2 1 5 7 2 7 6 4 5 6 1 3 1 4 7 7 7 3 5 1 1 3 2 7 5 7 7 4 3 3 7 1 7 6 2 4 3 2 4 3 6 1 3 1 5 2 4 2 7 6 2 3 7 1 4 7 4 2 7 6 2 6 4 6 1 6 3 3 3 7 2 1 6 2 5 2 5 6 3 3 2 4 7 5 4 4 7 6 6 2 1 3 4
135
10 5 4 1 9 2 1 13 1 6 14 13 10 3 15 14 7 9 10 4 10 8 6 1 2 6 8 14 7 15 12 9 2 6 2 1 6 13 1 8 5 10 1 13 10 11 13 14 7 14 14 5 8 9 6 13 1 3 5 7 4 13 14 12 10 7 7 3 1 4 8 3 15 10 9 14 4 4 2 8 14 3 12 15 14 2 11 14 6 2 10 15 2 15 15 14 3 11 6 5 14 6 11 10 8 4 8 10 6 14 6 11 6 9 8 4 8 6 6 10 7 11 5 6 4 9 1 9 14 1 10 9 13 5 8
33
34 15 4 53 12 38 18 9 48 13 45 29 5 48 11 32 18 32 42 58 7 29 32 55 25 26 19 3 27 6 31 3 15
232
2 6 5 1 5 7 6 3 2 6 5 7 5 5 8 8 3 2 2 3 1 1 2 3 3 7 7 2 7 7 2 1 4 8 5 2 6 4 3 1 6 6 6 8 8 1 4 4 4 6 7 8 8 5 5 9 2 6 7 8 3 6 7 2 2 1 1 3 1 3 9 7 9 2 1 7 4 1 3 6 7 7 8 5 4 7 1 1 3 5 3 3 4 8 5 7 2 1 3 2 7 3 2 1 2 9 8 1 4 4 1 3 4 3 7 5 2 2 7 7 6 4 9 5 8 3 2 2 6 6 1 3 4 7 3 8 8 8 4 7 9 2 4 1 5 8 6 1 2 5 5 6 1 3 7 2 7 8 5 2 4 9 5 7 9 5 8 5 1 4 4 1 4 4 1 8 6 2 2 2 4 2 6 6 3 2 5 4 6 2 3 6 1 8 4 8 5 7 4 5 8 6 1 6 8 1 3 6 7 6 7 2 7 4 9 5 7 5 2 4 2 5 5 1 8 3 7 4 1 5 2 3
176
2 5 7 2 2 8 5 8 8 6 3 8 6 9 8 5 4 4 1 7 7 11 1 11 10 10 3 6 2 5 4 6 6 3 10 8 11 5 7 2 11 3 9 2 4 4 1 9 5 9 4 1 10 3 11 3 4 7 2 8 6 11 5 6 7 3 3 5 5 9 11 8 7 2 4 11 10 5 3 4 3 7 4 6 9 7 8 10 12 1 11 8 1 2 9 5 6 4 1 2 11 10 6 10 8 1 1 8 1 4 12 4 1 2 12 10 3 3 4 10 9 11 9 10 8 6 10 8 6 10 3 5 9 7 3 1 8 10 11 11 4 11 10 10 2 3 9 3 5 7 5 5 3 9 3 12 5 5 8 1 10 6 5 3 8 6 12 10 9 3 11 11 2 10 7 8
74
5 15 21 25 10 13 15 26 17 7 19 19 9 23 27 2 17 5 15 10 12 15 20 6 5 12 19 10 21 11 21 25 6 22 9 20 17 6 27 23 21 24 14 20 5 24 16 14 26 14 26 9 12 7 13 9 2 4 11 27 7 5 14 22 12 7 23 23 27 27 10 21 21 21
152
13 9 6 8 1 7 12 11 10 7 6 5 10 7 2 6 1 8 11 12 4 12 7 10 6 3 2 12 8 12 10 9 10 11 5 8 13 12 1 13 5 3 1 1 14 11 5 11 8 11 7 1 10 4 3 13 3 12 5 7 4 8 10 9 3 9 1 6 2 6 7 8 10 6 2 9 7 10 13 6 2 2 12 12 5 6 2 10 12 8 6 10 6 3 9 6 3 4 12 7 6 7 7 10 4 2 11 6 13 11 2 7 8 8 8 4 11 4 12 14 10 3 2 5 7 13 6 1 9 12 8 6 6 10 9 1 6 10 12 10 7 9 11 9 9 8 5 8 7 6 9 4
22
5 5 56 34 84 3 22 34 26 4 8 90 49 47 58 12 16 82 50 87 73 7
62
19 10 26 32 15 1 17 29 18 11 17 24 31 12 7 24 1 3 30 31 26 28 8 17 32 3 26 16 1 31 18 25 14 9 25 23 20 22 11 11 7 6 24 15 24 5 31 29 9 5 17 5 17 18 9 11 30 13 4 2 3 4
159
9 7 5 3 4 2 5 3 4 8 4 1 9 12 6 5 6 9 11 1 5 5 4 8 9 12 8 8 7 9 6 9 11 9 5 9 1 4 2 3 9 5 10 12 3 8 4 5 3 4 11 1 13 2 3 1 4 5 1 13 3 1 13 5 2 5 2 6 2 2 3 4 2 5 11 3 6 13 8 10 8 7 1 4 5 6 10 1 12 7 8 6 7 11 8 4 3 2 7 10 2 13 13 6 1 8 5 6 8 5 10 7 8 4 3 7 10 8 9 6 9 6 11 8 12 11 11 5 7 13 11 7 10 12 11 12 4 8 6 2 12 5 7 6 4 12 5 3 11 2 8 4 3 13 3 11 13 8 1
188
6 3 2 9 6 2 4 9 7 6 6 3 2 4 3 9 10 2 4 5 3 5 10 6 2 8 2 4 10 7 6 8 1 6 3 7 2 7 3 9 3 9 3 3 4 1 10 5 9 2 1 1 6 8 5 3 3 7 1 5 10 1 10 8 9 4 11 9 1 8 7 4 6 3 7 11 7 10 9 1 8 1 3 5 11 2 11 1 2 3 2 2 4 1 3 8 5 2 10 4 10 11 3 4 5 4 1 3 8 10 5 1 5 10 5 2 4 11 8 6 5 10 8 7 8 9 3 9 9 5 4 7 3 3 11 2 11 2 8 11 10 10 4 6 3 11 7 11 10 9 7 1 10 5 9 4 10 4 3 1 10 10 2 4 8 1 5 6 1 8 1 1 9 5 9 1 7 9 9 4 2 8 6 5 3 9 8 1
74
4 20 2 5 17 3 8 15 23 14 9 7 15 17 19 8 24 13 12 2 9 12 3 3 16 8 9 6 12 24 18 2 15 27 13 10 16 14 2 26 20 11 7 5 3 8 20 4 5 26 15 18 24 11 17 1 7 2 27 26 16 8 3 12 7 27 16 12 3 20 27 3 11 10
176
6 4 10 9 2 8 7 4 10 12 5 7 1 12 10 6 2 5 5 1 5 1 1 2 8 5 6 6 1 2 7 1 4 8 4 7 4 5 3 9 3 11 2 7 6 7 8 10 5 9 10 2 7 12 12 10 3 11 2 11 4 8 9 3 7 11 10 12 3 8 1 5 10 6 4 6 4 2 5 9 6 1 4 8 1 8 5 4 12 5 3 11 7 7 7 10 11 11 1 1 10 2 8 4 7 2 9 1 1 9 9 11 9 9 11 11 4 6 4 11 11 4 3 10 8 11 7 6 6 4 1 6 5 6 4 10 6 10 1 7 4 1 4 12 11 6 10 12 1 4 11 7 11 11 6 8 5 11 9 7 6 6 11 9 4 8 6 11 9 1 7 10 6 9 10 5
267
6 1 5 5 2 6 1 1 5 4 1 2 3 6 1 6 6 7 3 4 1 1 3 2 5 6 6 2 6 5 5 5 5 5 8 1 2 3 3 7 2 2 8 2 6 6 8 8 4 4 3 1 6 6 5 8 6 6 3 7 6 6 6 6 2 4 6 6 7 5 3 6 1 1 7 6 6 1 4 7 2 4 6 3 5 6 5 4 3 1 4 7 7 5 6 5 5 1 5 3 5 7 6 6 2 5 3 7 2 5 3 5 6 5 5 5 3 7 2 4 8 6 7 6 4 4 1 6 3 4 4 2 6 8 5 6 5 5 7 7 3 3 2 1 6 8 1 5 7 4 5 4 3 7 6 4 2 4 8 8 8 2 1 6 2 7 7 5 8 6 4 4 1 1 4 7 5 4 7 8 8 5 2 5 7 1 4 2 5 1 1 5 2 5 7 3 6 7 4 5 4 1 5 4 6 4 3 3 4 2 6 3 6 8 5 3 3 5 1 6 3 2 3 8 3 7 3 5 4 8 2 6 5 6 1 4 4 7 1 1 3 1 7 6 2 2 4 7 4 1 2 1 5 5 2 7 5 4 4 1 5 1 6 5 3 5 4
91
17 9 10 6 3 14 3 6 13 1 17 2 20 7 18 12 2 16 22 4 9 9 5 9 2 13 17 9 6 8 21 15 17 12 2 18 20 10 2 11 15 4 1 7 18 7 11 14 12 9 11 11 18 22 15 9 21 21 20 4 11 5 7 12 5 3 15 18 7 5 14 11 8 6 5 19 16 18 5 21 19 15 7 18 5 12 1 19 17 3 21
145
11 9 14 10 5 8 11 8 8 10 10 8 10 14 7 7 13 3 5 7 7 7 7 2 6 4 6 7 3 9 2 12 4 12 9 4 3 2 6 11 13 8 12 10 11 8 6 9 3 7 12 8 11 5 8 9 8 13 12 5 7 8 1 10 13 3 5 1 2 10 13 11 1 7 3 5 13 10 1 7 10 11 7 1 4 12 14 10 8 8 2 8 2 13 4 8 6 7 13 4 14 2 6 7 12 5 5 3 11 7 5 4 4 3 13 6 1 7 8 9 11 7 13 5 14 12 2 2 4 3 14 1 11 5 1 1 1 8 14 7 5 2 7 1 13
30
20 41 7 28 24 29 63 5 11 26 22 25 18 6 38 58 55 12 8 49 44 22 9 65 17 61 38 6 66 38
15
43 40 31 84 47 31 79 43 74 19 56 94 105 22 57
28
45 14 31 45 38 63 55 8 44 65 50 64 13 46 38 26 40 70 30 22 61 10 21 16 59 18 22 30
90
7 14 5 10 10 8 10 18 14 15 10 1 6 23 11 16 11 9 3 17 17 3 5 1 14 22 21 9 5 23 16 4 22 18 13 15 11 17 21 4 20 7 11 2 14 8 15 1 4 1 5 17 23 11 14 18 7 6 6 14 3 18 22 18 1 19 10 9 22 12 15 22 3 22 7 14 17 14 1 22 5 1 2 13 10 18 18 7 4 6
255
7 8 7 4 2 3 2 8 3 8 4 6 3 6 1 5 5 1 2 8 8 8 6 8 1 7 6 7 8 8 5 6 1 5 7 1 6 6 3 2 8 7 6 6 6 5 5 4 1 1 7 3 1 8 7 5 2 7 1 6 5 5 7 5 5 8 5 8 3 5 6 1 7 7 7 2 5 5 7 1 7 5 4 5 8 1 2 1 7 2 1 7 8 1 5 2 6 5 6 5 4 8 6 3 3 3 6 6 3 3 7 1 4 8 4 3 8 1 1 1 2 4 7 4 1 8 3 6 4 1 6 6 5 8 7 8 5 2 5 5 7 5 7 2 4 4 5 8 7 6 5 5 3 4 2 1 7 7 1 8 7 8 7 4 3 8 6 8 5 3 4 6 6 4 7 6 7 3 7 7 4 5 6 1 1 6 8 5 1 8 7 7 7 3 3 2 4 8 7 5 6 4 4 1 1 6 6 4 4 2 7 7 1 6 5 6 2 6 8 8 8 5 4 6 6 4 7 1 1 2 8 5 2 3 6 3 7 2 2 8 6 3 7 4 2 6 5 1 2 5 7 7 6 6 2
225
2 2 4 8 9 2 4 3 8 3 2 9 8 1 8 8 6 2 8 2 4 3 4 5 2 4 9 2 6 7 6 2 3 5 8 1 2 5 6 4 1 6 4 1 1 3 2 9 5 1 6 4 6 2 5 8 8 6 8 8 3 6 6 2 6 3 1 5 9 6 4 6 5 5 5 9 3 6 1 4 9 3 8 1 3 6 8 9 1 5 3 2 6 4 9 2 9 2 6 8 8 3 3 5 1 3 3 7 3 4 3 6 9 2 1 6 9 3 7 2 1 4 6 7 4 6 3 8 5 5 3 1 9 6 5 4 1 1 2 2 7 6 4 1 8 6 8 5 4 3 2 7 2 6 8 3 7 3 4 7 9 1 2 8 1 8 6 4 4 9 4 2 7 7 2 3 6 1 3 4 7 9 8 1 7 8 1 7 4 8 7 6 7 8 2 6 7 1 9 8 8 3 5 2 3 4 9 4 3 4 8 9 9 7 4 3 9 9 4 6 3 5 5 2 7
258
2 5 6 2 6 4 5 3 3 2 7 3 2 1 2 7 1 4 5 2 6 7 3 1 7 3 6 8 7 4 4 3 6 2 1 8 4 7 5 5 5 2 5 2 1 7 4 7 8 1 2 4 1 6 2 4 6 7 8 2 6 6 3 4 7 2 1 1 1 4 3 2 2 8 5 6 6 8 1 1 3 4 4 7 6 3 1 3 7 8 5 3 5 3 3 4 3 1 6 2 3 1 6 4 4 8 4 5 3 6 1 5 5 2 7 4 3 8 4 3 8 3 4 7 3 8 6 2 4 4 5 8 3 7 8 7 2 5 8 1 4 3 2 2 4 2 1 2 1 6 6 4 5 5 6 8 4 6 4 1 1 3 4 3 6 3 7 2 1 7 1 2 6 2 2 7 5 3 4 2 8 8 8 4 4 8 5 6 4 7 7 6 1 3 6 4 1 5 6 2 7 4 4 6 4 2 6 1 8 8 1 6 1 7 3 5 5 4 5 7 8 7 2 4 8 1 7 4 8 1 5 4 4 1 6 5 3 2 1 4 8 3 8 2 5 2 3 1 2 6 4 4 4 3 3 7 5 6
228
6 5 9 9 1 7 1 8 1 8 2 4 8 4 1 7 2 4 8 4 1 5 3 2 8 5 8 2 7 7 7 9 2 6 1 6 6 9 6 8 4 8 7 1 3 7 7 6 5 3 1 4 5 1 2 9 4 8 2 8 2 8 4 3 4 9 5 4 9 4 2 2 9 3 5 1 8 2 1 9 9 8 4 5 2 6 2 9 7 8 8 2 4 9 6 9 5 6 2 4 5 4 6 8 3 4 5 8 4 1 9 7 2 9 6 4 1 3 6 3 5 6 1 1 7 2 3 3 8 4 8 2 3 3 6 7 5 1 4 5 7 9 6 4 6 6 1 2 5 9 6 4 9 6 8 2 1 5 9 2 3 7 5 8 5 8 9 8 6 7 3 3 4 2 3 2 9 6 1 3 4 9 2 5 2 5 7 3 3 2 1 6 5 3 3 5 1 3 5 2 6 6 6 9 6 1 5 3 1 9 7 4 3 7 4 1 4 2 8 3 9 3 3 1 4 5 2 3
238
2 2 3 1 5 5 5 8 2 7 8 7 4 3 1 6 6 5 9 8 5 7 4 3 8 8 6 3 4 1 5 8 6 4 8 2 5 6 2 4 7 4 3 6 7 8 6 5 8 1 9 1 5 9 7 8 2 9 4 3 1 1 2 9 8 5 1 1 7 6 2 8 2 6 2 6 1 3 6 7 5 2 3 6 5 2 4 2 2 7 1 8 3 4 1 3 6 7 8 2 8 1 6 2 2 1 5 5 8 6 2 8 5 6 1 2 3 4 7 2 5 8 6 1 5 9 2 3 3 3 4 7 8 1 6 5 4 4 5 2 9 3 7 1 5 5 6 8 8 2 4 9 3 8 3 6 3 4 3 8 2 5 2 5 2 5 7 2 8 4 6 9 6 6 5 3 2 4 5 1 5 5 5 2 6 2 6 1 5 1 1 9 5 2 6 8 5 1 2 2 4 3 7 4 8 6 1 3 2 2 6 1 2 7 5 2 1 2 8 1 2 4 5 8 2 6 4 4 1 6 4 3 5 8 1 3 7 3
217
8 6 3 9 2 6 3 6 2 3 1 6 1 6 5 6 3 4 1 3 5 8 3 4 5 8 7 3 2 2 5 8 9 4 9 8 9 2 6 10 8 8 5 10 6 3 5 1 2 9 7 4 2 9 7 10 4 6 6 5 2 2 6 6 8 2 5 8 9 4 1 8 1 4 1 9 1 5 8 2 9 5 1 8 9 1 10 4 7 2 7 5 8 6 6 5 1 2 4 3 6 3 1 3 6 7 5 8 7 3 9 10 2 8 6 9 6 3 8 5 8 1 8 7 6 10 5 3 2 1 6 5 1 5 7 9 7 9 8 3 1 3 4 4 1 2 2 4 7 8 6 3 8 5 3 6 7 5 5 6 4 8 1 5 3 9 10 2 2 4 8 5 2 6 4 3 7 8 4 8 9 10 4 4 8 8 7 2 3 9 9 1 2 2 7 7 1 5 7 4 2 4 2 8 3 5 5 8 9 4 5 5 6 1 2 2 4
244
4 4 2 7 4 3 6 4 4 1 4 3 9 1 7 9 6 8 7 5 3 7 1 1 7 7 2 2 2 1 5 5 6 1 2 7 8 2 7 7 3 8 5 4 3 3 3 5 1 7 7 8 7 5 8 3 6 4 4 6 2 5 4 7 2 3 1 3 3 7 2 5 2 8 1 6 7 7 7 4 5 5 2 8 4 9 6 2 8 7 8 4 6 5 8 7 8 1 3 2 1 3 3 1 2 1 4 6 1 5 4 6 6 2 5 6 7 5 8 2 6 2 6 3 1 3 5 5 5 3 5 8 6 6 9 4 8 7 3 3 5 3 6 3 5 8 6 4 3 7 2 3 5 7 6 9 1 2 7 1 6 1 9 8 5 2 7 7 8 6 2 1 1 2 1 2 7 7 1 6 8 4 5 1 5 7 8 4 2 1 3 5 3 1 1 6 3 6 4 9 1 3 1 6 4 8 8 6 3 2 7 3 1 7 8 3 4 2 5 6 3 6 8 1 7 1 8 8 8 4 4 4 8 3 5 2 5 7 2 6 3 2 2 3
296
7 5 5 6 7 5 4 7 4 5 3 4 2 3 6 5 7 6 3 4 3 3 7 5 1 4 6 7 6 4 3 5 1 3 6 4 5 1 4 3 5 1 3 2 3 3 6 4 6 1 5 5 1 3 7 1 3 6 4 3 4 6 4 2 4 1 3 2 5 5 6 1 7 6 6 6 1 5 1 2 1 2 3 4 7 4 3 2 5 4 3 4 5 5 2 3 6 3 1 1 6 4 1 6 5 3 1 7 6 1 6 4 6 1 2 6 7 3 4 3 2 3 6 4 1 3 4 3 3 7 2 3 7 4 2 7 3 1 7 7 6 5 4 7 5 2 1 3 6 2 4 4 1 7 2 6 6 3 1 7 7 1 5 2 5 2 4 1 6 7 7 3 4 2 2 2 6 3 5 7 2 3 2 3 2 3 7 1 7 2 2 6 4 3 6 7 3 3 5 7 5 1 1 4 7 4 1 1 1 4 5 7 3 5 3 7 4 3 2 6 1 6 2 2 7 6 3 2 4 5 3 2 5 2 4 4 2 2 3 4 4 2 4 5 3 5 7 5 5 4 7 2 3 3 7 7 7 5 3 3 7 6 7 6 2 4 1 4 4 2 2 7 4 2 1 5 3 5 1 5 5 4 3 5 4 5 7 4 3 6 1 3 3 4 6 3
211
9 1 8 2 1 6 3 3 2 8 10 5 1 9 2 10 4 8 3 10 1 6 1 6 6 9 6 8 10 1 8 7 2 9 7 8 3 9 6 2 1 5 8 3 5 2 4 6 4 3 9 8 8 4 10 4 2 10 1 10 2 4 2 5 6 7 9 2 5 6 9 1 6 9 5 1 1 2 4 9 4 6 4 6 3 3 5 3 6 8 5 1 8 7 7 9 4 7 3 6 4 10 3 1 10 2 3 8 7 5 6 6 3 9 7 4 7 5 5 9 6 1 6 4 5 1 5 3 1 1 5 7 7 8 2 2 2 9 2 5 1 5 7 2 1 6 5 2 5 7 8 4 6 3 7 4 3 6 2 7 4 1 3 7 6 3 4 5 8 1 9 4 9 8 7 4 10 2 8 5 5 1 1 4 3 8 5 8 3 9 4 10 6 8 2 6 6 4 7 5 1 4 5 8 9 10 9 6 7 3 9
300
3 4 5 7 1 4 2 2 3 2 1 2 6 6 2 4 2 1 3 7 6 7 2 1 6 4 2 3 7 6 1 1 7 3 5 5 7 1 1 6 6 4 5 5 3 5 5 1 1 1 5 3 2 1 6 7 2 5 4 2 3 5 3 3 7 1 7 3 5 5 3 5 3 2 1 1 4 2 2 1 2 2 7 1 4 1 7 7 4 4 3 2 1 3 2 6 1 5 3 5 7 2 1 2 6 6 3 4 5 2 6 7 1 6 5 4 4 2 3 1 7 7 6 2 5 2 5 1 4 6 5 7 1 7 2 3 2 2 6 5 4 1 5 1 3 5 4 1 7 4 2 3 3 6 4 3 3 6 4 5 6 3 7 6 2 2 6 5 1 7 6 7 3 4 6 5 2 2 3 7 4 2 2 2 6 5 6 3 6 1 5 7 2 4 6 4 3 6 1 6 4 4 4 2 5 5 1 3 4 1 6 1 3 3 1 1 6 5 1 6 6 6 2 3 6 7 4 1 1 7 4 1 7 6 4 4 1 2 1 1 1 2 6 4 3 2 5 1 6 4 2 4 7 2 3 4 2 1 3 3 5 7 2 7 4 2 1 6 1 7 1 1 2 7 4 3 1 1 4 3 5 1 2 7 6 7 2 5 1 5 2 6 2 5 3 1 4 4 3 4
81
3 11 4 22 18 7 12 3 8 17 11 5 17 1 20 7 3 10 4 20 14 15 10 21 5 18 3 14 22 6 2 14 8 17 5 14 10 5 23 17 1 9 4 17 9 2 6 9 11 13 16 14 23 13 20 13 18 8 5 5 12 11 17 23 11 13 5 1 13 10 18 10 22 18 11 4 21 18 7 10 23
182
9 8 8 3 11 2 11 3 4 5 7 1 3 10 11 11 6 4 3 4 10 9 3 5 8 5 5 4 3 3 1 8 1 8 5 7 5 9 9 4 8 4 10 4 2 3 4 3 7 11 3 3 7 3 9 2 5 9 5 11 9 5 10 4 6 8 2 2 1 2 11 1 6 9 6 6 6 11 4 7 7 2 9 5 10 4 3 9 11 2 5 10 8 1 9 11 5 2 2 4 10 10 1 6 7 4 3 4 8 9 6 4 3 3 1 10 1 7 5 5 5 7 7 10 7 3 3 8 6 2 6 6 4 4 8 10 3 1 10 5 1 9 9 1 10 1 3 5 5 8 2 9 11 5 9 11 6 1 6 11 7 1 10 1 3 1 9 6 7 5 9 5 6 1 1 3 4 8 6 7 3 5
209
7 9 8 2 5 9 4 10 3 8 7 2 6 6 7 2 2 10 4 5 1 7 5 6 9 9 5 10 8 9 5 2 5 6 8 10 1 10 7 7 6 6 2 7 3 1 5 7 4 4 2 7 7 7 1 7 8 5 1 6 8 5 1 3 6 6 3 6 6 8 5 2 7 3 5 1 9 9 8 1 6 7 6 7 3 4 6 4 4 3 10 3 6 5 1 5 7 8 2 9 1 6 2 3 1 7 6 2 8 6 2 3 7 9 4 10 9 5 10 6 5 7 6 9 5 6 4 4 7 4 1 2 10 6 2 1 10 2 4 1 7 4 1 8 5 9 4 1 5 9 6 8 3 7 3 10 3 2 8 5 8 2 4 2 2 4 9 10 7 8 2 4 8 2 2 1 2 5 7 9 9 8 5 3 5 4 4 1 6 4 9 9 3 7 1 3 7 1 9 7 6 5 9 9 8 10 1 4 6
167
11 3 10 3 9 12 11 8 3 3 5 10 4 7 11 8 1 8 4 12 9 4 7 7 12 11 6 10 1 6 9 2 4 12 4 2 1 6 8 10 8 5 10 12 12 10 2 6 12 2 1 1 12 2 8 2 2 1 9 4 10 12 1 5 10 1 5 7 3 1 3 7 2 5 5 7 3 2 8 4 8 9 4 7 9 8 4 5 1 11 4 6 1 7 7 6 11 9 9 4 9 1 9 11 1 9 1 4 11 7 3 11 4 5 5 3 9 4 5 10 3 5 7 7 8 12 6 10 1 6 9 1 9 2 9 8 9 10 4 5 2 4 11 5 5 5 11 1 1 4 4 11 6 6 7 8 10 9 1 10 10 11 3 2 10 5 9
186
1 1 2 5 4 9 11 6 8 2 5 1 1 2 2 11 3 6 1 4 7 6 11 9 4 6 2 1 6 9 4 8 10 9 11 3 3 1 9 11 1 5 9 5 11 4 11 4 8 7 11 4 1 7 2 4 9 8 1 9 5 11 5 8 7 7 2 4 10 7 2 3 1 11 7 5 10 6 2 5 8 2 1 8 3 5 3 6 7 8 6 10 8 4 6 7 4 7 7 4 2 9 11 8 9 11 3 4 2 2 9 10 2 10 7 2 9 8 5 2 6 3 9 2 2 10 7 11 2 5 11 10 1 6 2 3 11 4 6 9 8 6 4 10 9 9 7 7 6 3 5 8 8 1 10 2 9 11 9 5 6 10 8 8 10 9 8 9 10 9 7 2 5 5 6 1 9 6 7 8 10 2 3 2 4 2
134
5 15 11 9 1 7 15 2 13 2 7 2 3 7 12 4 3 13 2 4 13 8 9 12 12 15 6 1 13 15 10 8 1 5 3 10 13 4 12 13 2 6 15 14 7 4 11 14 10 9 12 1 12 11 9 10 15 4 9 9 15 15 7 15 12 13 11 4 13 11 4 15 15 5 8 5 1 15 3 9 14 8 12 8 8 3 6 1 6 9 2 5 12 6 9 11 9 3 14 11 2 5 12 14 7 15 13 1 8 9 10 8 10 2 1 4 8 11 10 13 14 3 3 8 4 9 1 6 1 10 10 7 10 15
207
2 8 2 7 10 3 5 10 2 7 6 5 5 5 8 7 9 4 1 9 7 1 8 7 5 7 9 6 8 6 9 8 10 2 1 5 5 4 8 3 10 8 8 2 9 8 4 5 8 6 2 7 1 6 4 6 2 1 4 1 9 5 6 8 8 2 1 1 8 7 9 4 2 6 2 5 3 2 9 2 4 8 7 2 7 6 6 6 8 3 4 1 1 8 7 2 9 4 6 3 1 7 4 3 5 9 3 1 4 8 5 4 2 7 8 1 7 2 6 2 1 2 2 6 5 8 1 2 3 9 2 8 9 4 3 5 10 3 8 6 9 4 1 1 9 5 10 8 10 10 7 9 3 4 5 2 7 5 1 5 7 3 1 10 9 3 5 2 1 5 2 4 8 5 9 6 4 4 1 8 4 4 5 8 1 8 1 8 7 2 8 6 4 1 1 5 3 2 2 9 2 3 1 4 5 6 5
68
12 9 29 6 28 10 20 28 20 7 9 11 3 17 19 25 13 15 17 15 27 8 14 2 10 29 11 28 14 27 13 12 15 22 2 26 25 12 3 13 17 30 20 2 7 8 7 15 3 1 1 9 19 19 11 27 18 24 6 19 29 30 21 15 22 29 2 22
128
16 8 11 6 5 1 10 3 14 1 6 11 1 2 3 10 15 13 7 9 16 8 6 7 15 9 6 8 11 2 3 5 2 13 10 11 16 11 12 12 13 1 7 7 11 1 2 6 8 14 15 3 1 10 10 15 9 7 4 11 5 14 12 14 1 1 15 3 13 3 14 15 9 13 16 8 5 14 13 2 14 14 6 15 9 13 14 3 11 12 2 11 14 9 3 3 14 5 9 11 12 14 11 11 8 5 8 4 15 12 6 12 4 14 6 11 7 5 14 4 10 1 6 3 7 7 12 4
194
8 10 9 6 7 11 9 1 8 5 6 8 10 8 10 7 4 1 11 5 2 1 1 1 10 10 8 10 7 10 1 10 11 4 10 8 9 3 4 5 11 4 5 6 11 8 10 7 9 9 1 3 4 10 6 7 7 6 7 8 6 5 7 4 3 6 6 1 8 1 5 2 9 5 11 3 5 2 6 2 9 2 9 4 1 6 1 3 8 1 6 6 5 4 2 9 5 9 4 6 4 1 7 4 10 7 10 10 5 8 5 10 10 5 10 6 3 5 10 4 8 5 3 2 8 8 8 8 4 10 7 10 3 4 7 9 11 3 6 8 11 8 7 4 2 8 9 10 2 10 7 2 4 8 9 7 6 2 9 2 1 3 8 3 4 7 9 3 6 3 2 2 10 5 1 1 9 3 11 8 6 1 10 3 6 10 10 10 6 5 6 1 10 1
103
12 18 12 5 7 11 1 13 7 7 10 3 19 19 6 18 7 7 14 13 6 19 18 5 7 12 12 8 2 16 13 15 13 13 6 16 5 17 7 3 2 11 10 3 17 1 17 16 7 13 12 17 4 7 10 4 4 5 4 7 2 14 16 4 14 1 14 6 4 16 1 19 8 4 5 3 17 19 18 15 17 12 11 12 10 16 17 10 2 1 5 3 15 13 19 1 11 7 19 12 8 17 4
45
31 12 13 21 27 44 1 36 14 25 13 8 4 33 37 24 21 29 32 27 12 39 8 3 39 42 10 17 29 36 5 25 26 28 7 6 35 44 25 2 7 31 6 41 33
85
15 20 4 5 5 7 18 9 23 14 12 9 17 15 15 12 2 19 20 19 3 16 15 24 14 13 19 6 10 19 24 20 11 18 10 12 22 3 19 17 20 18 2 2 16 16 2 19 17 23 19 11 23 21 12 13 10 6 20 22 16 9 9 7 13 19 20 23 6 10 18 2 13 6 23 6 5 23 22 21 14 1 12 8 19
191
8 2 10 4 10 6 11 8 5 1 5 4 11 8 2 6 8 2 6 7 2 11 7 2 4 9 1 10 9 4 11 3 4 4 1 7 4 1 5 2 7 5 7 9 3 7 7 9 9 4 2 6 5 2 9 7 9 10 8 7 8 10 4 6 4 8 10 4 1 2 8 8 2 5 7 6 7 4 1 10 10 4 1 2 3 8 9 11 6 10 10 4 2 2 10 1 9 5 9 6 11 6 10 3 9 1 11 5 10 7 4 6 2 9 5 10 2 2 7 4 10 10 7 2 5 4 5 6 3 6 8 3 4 9 1 1 4 5 10 1 11 10 8 9 9 9 7 2 10 11 4 11 6 8 4 8 4 9 4 10 4 2 11 9 5 2 8 5 7 1 7 7 2 7 7 1 5 10 8 8 6 7 5 10 5 8 10 4 10 1 1
236
1 3 7 2 2 3 3 4 6 1 4 5 4 3 5 6 1 7 7 6 8 4 2 4 9 6 2 6 4 1 6 5 8 6 9 8 2 1 1 8 9 2 1 5 9 6 3 7 3 8 2 7 1 7 5 3 1 1 6 5 9 3 6 1 3 9 1 5 7 8 6 5 8 6 3 9 2 8 4 4 8 3 8 9 7 8 3 3 4 4 3 7 1 3 1 5 5 4 8 6 6 9 1 6 7 5 1 1 1 5 4 8 8 5 2 2 2 9 1 1 3 6 6 4 9 7 3 6 8 3 3 8 6 8 5 1 5 9 7 9 6 5 7 8 8 3 3 7 7 6 3 7 4 4 3 4 3 7 8 4 5 6 2 1 4 3 4 6 7 5 6 3 2 2 1 8 2 4 2 8 6 2 7 2 6 1 1 7 7 2 3 4 1 1 3 7 8 2 1 9 1 7 7 2 3 2 5 9 2 9 4 8 5 4 8 7 8 9 6 6 4 2 7 3 3 2 7 5 5 3 6 5 5 8 7 7
188
7 5 6 9 10 4 11 4 5 5 7 6 11 4 3 6 7 4 4 7 8 5 8 5 2 4 9 2 10 5 6 11 2 11 1 6 3 7 2 3 3 6 6 3 9 11 9 5 10 1 1 8 7 10 9 9 10 9 6 8 8 10 3 3 9 9 6 5 2 8 10 10 9 10 9 8 4 4 3 3 8 5 10 3 5 11 10 11 9 7 2 7 9 9 3 3 7 11 8 4 4 11 7 4 8 5 2 11 9 9 5 9 11 6 10 10 1 4 3 10 4 4 3 10 4 11 7 11 11 7 4 2 3 9 6 6 1 1 4 6 3 1 7 1 4 11 4 3 9 4 3 10 4 4 7 8 2 1 3 5 7 3 5 4 3 7 8 4 6 3 5 9 9 6 1 2 1 8 7 11 2 7 1 1 1 9 5 10
30
65 34 21 54 22 64 46 3 53 46 48 9 8 29 3 24 40 29 1 16 57 43 21 50 54 19 10 13 43 18
266
8 6 3 3 8 2 2 8 1 2 7 4 4 6 8 1 1 2 8 2 4 5 7 7 5 4 5 8 2 7 5 4 6 7 6 5 8 5 7 6 4 3 7 5 3 1 5 1 2 7 7 4 5 5 5 5 4 3 2 1 6 6 5 7 7 3 6 2 4 1 6 2 2 7 6 1 5 6 8 1 1 5 2 8 3 2 7 3 7 1 8 3 2 6 1 1 2 6 7 2 5 8 6 7 5 5 4 1 3 3 7 3 1 4 4 7 1 4 3 6 3 5 4 4 8 3 3 6 2 4 4 7 5 1 5 1 1 5 2 5 5 8 3 1 4 4 6 1 7 7 2 4 5 1 4 1 8 2 1 6 6 8 5 1 8 5 4 8 3 1 6 5 8 3 4 7 2 2 5 3 2 3 6 3 3 8 1 1 1 6 4 1 5 6 5 5 5 2 7 1 3 4 3 4 2 3 5 4 4 6 4 5 7 3 6 6 5 8 7 5 3 7 5 3 6 3 5 6 5 8 4 6 4 2 1 8 3 4 4 3 6 6 1 1 4 1 4 5 2 3 6 7 1 1 4 1 6 7 2 7 1 6 5 8 1 3
238
9 4 2 2 3 9 8 2 2 6 4 4 1 4 1 4 3 8 3 7 3 5 5 3 1 7 6 6 3 5 8 7 4 7 7 7 4 8 9 5 1 7 2 7 4 5 2 9 4 3 7 5 5 4 5 2 8 9 6 3 6 3 2 3 8 8 7 1 4 4 2 5 8 5 5 5 7 8 2 8 9 5 3 4 4 2 1 5 2 4 6 1 7 4 5 5 2 8 1 5 5 3 7 9 4 8 4 2 8 4 7 6 1 8 8 7 3 1 6 5 6 3 8 6 3 3 6 3 7 1 2 5 9 4 8 6 4 1 9 2 1 7 5 6 3 8 1 5 7 1 3 8 3 4 7 4 7 8 8 6 2 8 3 8 2 1 6 6 9 3 1 7 4 3 6 1 4 7 6 3 4 7 8 7 1 8 5 4 4 2 8 8 2 2 2 2 6 3 1 7 1 3 4 2 9 5 4 7 2 7 3 2 7 6 5 5 5 5 2 1 1 6 5 7 2 1 3 5 3 5 1 1 3 6 5 8 1 6
120
4 9 9 10 12 12 17 12 9 3 8 16 12 7 2 2 8 5 6 11 15 16 10 4 3 6 9 11 6 9 17 10 13 3 11 9 15 11 5 14 3 1 2 9 13 3 14 12 3 2 2 16 5 11 9 6 10 13 1 2 7 12 8 16 1 11 9 13 3 15 5 7 2 15 10 15 17 5 7 15 11 15 12 7 15 9 7 9 15 14 1 6 9 7 6 13 13 14 13 3 4 14 10 2 6 15 1 6 3 9 10 12 14 9 13 8 13 3 17 7
184
5 11 9 7 1 1 3 5 8 9 7 3 7 5 1 7 8 6 9 9 10 6 2 7 9 4 7 9 2 11 4 2 7 8 8 5 10 4 3 1 10 11 9 8 4 2 7 9 2 1 3 11 2 9 8 6 1 10 9 8 3 1 4 8 8 3 6 8 11 4 2 6 7 1 10 7 3 2 1 5 8 5 7 2 5 5 2 4 6 11 9 6 2 6 6 10 5 2 1 2 3 8 3 9 1 7 2 8 9 7 4 3 4 4 2 8 2 7 10 2 8 9 10 7 8 3 2 4 1 4 3 9 6 11 6 5 5 8 5 4 11 3 5 10 6 2 4 9 7 7 10 5 2 2 6 10 6 4 5 6 8 4 10 1 2 3 3 4 3 10 3 10 8 2 11 8 9 7 8 9 4 10 4 3
236
6 1 9 5 3 1 5 8 1 4 2 1 6 5 5 7 1 7 7 1 2 6 8 5 1 4 2 4 3 5 9 5 1 8 5 2 6 8 8 1 9 5 6 9 1 8 6 7 6 6 7 4 1 2 1 2 7 3 2 5 7 3 1 5 7 3 1 5 3 8 3 2 6 7 2 7 7 7 8 6 5 4 5 4 4 6 1 8 2 4 4 3 2 8 5 4 8 6 7 1 5 5 4 7 6 1 2 3 8 9 6 6 3 1 8 7 8 6 8 8 4 2 7 5 1 2 5 3 8 8 6 8 8 3 6 4 7 1 7 1 6 6 2 6 7 8 1 6 3 4 3 6 4 1 7 8 6 3 7 5 4 6 8 8 8 6 1 5 2 1 2 5 7 2 8 2 5 3 1 7 8 4 3 5 8 5 5 1 2 8 7 8 9 5 9 8 7 3 5 3 3 4 3 5 5 1 1 5 8 2 2 8 2 9 1 4 8 7 1 7 2 9 5 1 8 5 2 1 5 9 5 8 6 8 3 4
67
6 17 8 21 25 29 25 5 24 14 2 28 1 21 2 26 7 30 7 14 12 1 22 26 27 3 16 11 27 18 23 11 23 13 15 27 2 17 1 7 11 9 3 28 19 15 30 18 30 30 1 23 17 4 3 27 21 2 25 24 1 26 17 26 21 16 22
181
11 2 3 5 5 12 8 5 11 11 1 4 11 3 4 2 1 2 8 9 10 1 4 7 11 10 10 9 4 9 9 9 11 6 5 5 2 3 9 6 2 6 3 5 8 11 3 2 4 5 1 6 1 2 4 11 3 5 9 11 11 10 10 4 6 4 9 8 8 1 5 3 11 10 1 5 10 6 1 8 10 9 5 5 11 1 2 10 9 2 5 5 11 7 6 11 7 8 7 5 5 8 4 2 10 8 9 2 3 10 4 8 8 8 1 4 8 9 5 11 4 6 4 10 6 3 1 2 9 10 9 11 6 8 9 10 4 5 10 3 7 7 5 8 3 9 9 7 5 8 6 1 11 5 5 8 1 8 7 2 8 6 2 5 7 8 4 3 7 5 5 8 8 8 7 8 7 7 9 4 4
101
9 4 1 20 10 13 13 5 6 10 5 4 4 3 19 12 18 6 19 11 16 13 13 17 19 3 6 10 13 7 2 14 2 19 8 7 16 18 1 16 18 20 12 13 6 8 5 12 9 14 10 8 12 5 5 17 18 14 10 15 12 17 8 3 1 14 7 3 7 19 20 16 14 19 2 11 9 8 7 9 9 14 5 13 16 9 7 17 16 10 18 13 4 13 6 12 7 6 8 11 11
46
8 36 26 15 14 13 26 40 21 21 39 18 24 17 25 24 12 14 3 29 19 29 6 39 20 11 9 32 6 18 35 30 3 29 37 6 20 11 36 13 6 37 16 7 39 42
68
11 18 16 13 1 18 17 13 6 29 8 17 16 13 9 14 9 15 11 16 28 8 14 24 19 25 18 6 7 21 2 16 8 25 11 3 12 2 9 4 18 18 22 29 10 19 25 27 23 28 7 23 21 5 27 26 13 8 2 13 5 25 12 2 14 29 19 25
200
5 4 4 1 4 8 7 9 4 9 1 3 9 8 8 6 2 9 9 3 2 2 10 8 1 8 4 7 4 4 10 2 6 7 5 2 3 3 10 4 8 4 2 6 1 5 10 3 9 6 4 1 8 9 6 5 2 7 4 3 9 3 8 5 8 9 3 4 1 7 1 1 6 4 6 6 3 9 10 4 9 10 4 10 2 2 9 1 5 10 8 7 7 7 4 1 1 5 10 4 6 5 2 10 4 1 2 7 3 8 2 7 2 3 2 9 10 4 5 3 8 5 3 5 1 6 7 2 9 2 6 3 10 6 5 1 8 5 8 9 9 8 10 9 4 7 4 10 8 5 4 10 9 4 5 1 1 9 6 5 6 6 1 10 10 1 7 1 9 2 6 8 10 2 7 6 9 7 2 7 4 7 7 6 10 6 8 10 5 4 9 9 9 8 7 6 6 3 5 5
200
6 5 6 3 2 6 6 2 5 10 1 3 2 3 10 6 1 2 4 6 1 10 3 3 10 6 5 2 6 2 7 5 9 2 7 1 3 5 2 8 2 5 4 4 10 1 5 8 9 5 4 1 10 10 1 5 5 6 2 7 10 7 8 2 6 5 10 6 7 4 5 9 2 5 5 3 5 6 5 6 5 7 8 5 5 10 2 2 4 7 4 8 7 5 5 10 8 1 3 10 7 6 6 6 10 4 1 3 3 9 6 10 2 1 8 8 6 10 7 4 9 2 7 6 6 1 4 2 8 6 1 4 2 5 6 2 10 10 8 8 5 10 8 1 6 5 7 1 5 3 2 10 3 5 1 5 10 10 5 2 8 9 3 6 9 2 4 3 10 5 4 6 7 5 8 10 5 4 4 2 7 8 2 7 1 8 10 6 7 6 5 6 1 7 1 9 10 4 9 1
58
31 32 8 22 26 8 1 21 5 10 30 13 5 22 32 21 25 2 4 28 22 34 2 12 24 29 25 9 7 26 20 4 24 30 33 6 17 2 5 5 26 28 1 7 10 15 11 18 26 25 8 22 2 10 3 18 18 13
235
2 1 5 4 6 2 4 5 8 5 1 3 2 2 3 7 8 3 3 6 3 3 7 1 8 8 5 1 8 2 5 7 8 8 2 7 1 1 4 3 4 9 8 3 7 2 6 6 5 1 5 8 9 5 7 7 2 9 7 4 6 7 6 3 6 1 8 2 7 2 9 1 9 4 8 9 6 4 2 4 8 6 7 7 5 5 4 9 8 7 4 4 7 9 8 4 9 8 4 3 6 2 2 1 8 6 2 3 7 2 6 5 3 8 9 8 5 8 8 5 2 7 3 5 8 6 5 9 4 5 3 8 3 8 3 7 8 5 6 7 5 4 4 3 8 6 5 6 5 6 8 2 7 5 5 4 4 2 2 2 1 6 4 7 3 6 1 3 4 6 8 9 7 9 3 7 7 7 1 4 5 3 1 5 7 9 6 6 7 3 9 2 3 2 7 2 9 1 2 3 8 2 6 4 4 8 8 1 1 3 9 1 5 2 4 2 3 8 7 7 5 9 3 2 1 2 8 1 7 6 9 6 6 1 1
241
7 4 2 4 6 1 8 2 5 7 8 1 5 7 3 4 8 8 7 2 8 1 5 1 3 1 5 6 4 5 7 6 6 2 6 8 8 6 8 1 3 3 6 3 2 8 1 4 5 4 1 7 5 7 7 5 8 1 7 2 5 8 3 8 5 1 3 6 2 8 5 4 3 2 9 7 6 8 7 4 2 6 4 2 7 5 7 4 6 3 2 1 7 7 3 2 3 5 3 1 8 6 6 2 7 3 3 6 8 3 3 2 8 5 2 3 8 2 6 6 6 3 8 1 2 6 1 7 5 2 5 6 4 1 3 6 1 5 7 3 3 1 7 4 2 3 7 6 3 6 3 7 5 4 5 2 1 3 9 7 7 1 8 1 5 3 7 5 2 5 7 5 2 8 3 1 2 3 2 7 1 8 8 4 4 3 6 1 5 3 4 4 4 4 5 7 2 1 2 4 4 6 7 4 7 5 8 9 1 2 9 4 1 4 3 5 3 8 3 5 2 6 9 7 2 3 1 1 2 1 8 6 6 5 5 9 1 1 2 4 4
77
16 6 17 18 11 18 22 26 25 16 22 25 16 21 24 24 14 25 7 26 11 7 7 21 17 14 22 23 5 11 26 10 8 3 19 17 11 15 15 18 3 13 17 24 5 23 24 11 21 4 26 13 4 18 21 8 22 17 9 22 14 5 3 2 4 2 25 3 13 15 16 8 16 20 23 25 10
4
378 116 367 223
88
1 11 8 21 6 22 7 7 11 6 19 22 15 21 4 16 12 21 13 16 4 18 8 21 12 14 18 19 14 15 13 16 20 22 13 16 12 11 10 22 19 10 23 21 18 16 21 17 21 1 14 4 12 18 9 22 4 12 4 22 20 5 22 6 7 6 19 23 2 4 13 7 5 11 6 11 22 2 7 5 15 8 11 12 9 4 20 4
162
8 11 9 5 4 1 13 1 4 9 10 8 12 2 6 4 5 7 10 2 3 6 10 6 11 12 3 10 7 3 10 12 8 4 2 7 4 3 7 9 9 12 4 6 3 7 1 4 2 10 10 1 6 1 10 3 9 8 2 12 3 3 5 5 1 9 6 2 5 6 1 3 1 8 7 10 12 7 12 2 2 2 1 12 7 4 10 10 3 3 11 11 11 2 7 10 5 8 5 2 1 2 4 11 4 4 7 11 11 2 9 1 5 1 4 3 10 1 7 1 8 9 12 10 6 8 9 10 7 9 11 2 3 7 3 7 8 12 6 1 9 10 9 3 7 5 10 11 12 5 11 10 4 6 11 6 10 6 2 6 10 3
169
11 6 6 11 3 6 5 10 11 10 8 1 1 10 11 1 12 8 5 8 3 1 2 8 6 11 4 7 2 6 12 5 5 3 7 11 1 8 5 4 10 12 5 5 11 8 11 7 6 7 6 12 3 5 6 9 9 2 5 1 5 2 12 12 1 11 10 6 11 10 2 9 5 1 7 3 2 12 3 1 8 9 8 5 10 10 9 6 10 5 6 7 8 6 10 10 10 9 2 5 2 1 2 3 6 5 7 2 7 1 11 6 10 4 6 7 4 1 12 5 3 10 3 10 5 3 8 2 4 1 4 9 11 11 10 7 2 2 3 12 11 10 6 11 10 1 8 2 4 4 3 4 10 1 3 3 9 2 9 12 2 12 10 9 12 11 4 1 5
60
12 4 30 11 15 27 10 21 20 18 9 15 32 1 11 24 7 2 9 26 28 24 27 15 19 27 16 4 12 31 15 29 28 30 11 22 21 1 18 15 14 3 6 25 15 16 3 10 33 32 33 30 29 21 9 6 14 4 20 11
