59
231
8 1 5 9 5 8 5 5 3 6 3 8 8 3 1 7 2 7 5 6 2 6 1 4 7 6 7 1 8 7 9 7 5 4 2 1 2 5 4 6 3 6 7 7 3 1 1 5 4 6 2 5 5 1 1 9 8 5 2 4 9 2 8 8 7 2 8 4 5 8 1 7 7 2 2 2 5 6 5 8 4 9 3 2 3 7 4 3 4 9 6 1 8 7 4 9 6 7 2 6 2 5 6 8 1 9 5 8 5 8 3 5 8 1 3 6 8 4 1 5 2 6 8 4 8 9 6 5 6 9 5 2 5 7 5 9 7 5 2 9 7 3 9 4 6 6 5 7 1 2 5 6 3 6 6 4 6 7 7 2 8 2 1 6 3 2 4 5 6 1 6 4 3 8 8 3 8 4 7 3 7 4 1 9 1 7 9 2 1 6 5 7 4 8 5 7 9 4 6 3 5 5 3 5 2 6 3 2 3 6 7 5 5 2 4 5 8 6 3 5 5 7 5 9 6 4 9 1 6 3 1
148
8 1 7 13 1 14 1 11 7 11 6 8 10 1 10 4 2 7 6 11 2 13 1 8 10 12 9 8 7 10 13 7 10 9 10 6 5 2 2 10 10 2 12 11 4 3 3 13 6 12 9 5 14 3 5 12 14 7 1 8 5 5 14 11 1 7 8 3 9 1 11 8 6 3 9 2 6 9 4 5 1 2 5 8 1 3 1 7 2 5 1 6 12 13 6 12 7 4 7 8 10 12 3 6 3 12 8 5 13 5 8 4 5 3 2 4 3 5 13 2 9 7 14 9 14 3 14 12 2 4 3 9 6 2 5 5 10 1 8 2 7 3 3 3 4 6 1 4
45
41 15 40 21 31 15 16 43 35 30 7 22 5 20 40 25 14 28 22 35 19 30 21 33 12 20 19 38 36 26 36 33 15 33 8 5 36 6 39 36 3 39 4 9 14
29
29 9 53 46 13 58 41 52 14 38 50 67 12 16 22 21 47 1 6 39 5 62 22 34 31 28 26 11 48
93
21 12 18 5 21 22 3 4 20 1 15 1 6 11 14 2 9 19 20 15 5 16 14 21 3 3 6 11 18 1 14 10 4 2 9 7 19 21 9 14 5 16 9 21 4 14 18 9 12 5 17 18 7 6 16 21 17 11 7 21 3 10 19 22 14 19 13 18 20 17 6 13 12 17 13 11 5 7 22 19 8 10 7 20 2 11 18 5 4 4 1 7 1
96
20 12 20 6 13 16 8 17 13 3 9 19 8 14 4 9 16 6 5 13 18 20 7 10 4 10 4 18 18 5 6 13 2 16 19 9 11 2 3 1 16 1 10 20 3 1 16 2 1 14 10 7 19 4 15 11 11 5 8 4 6 18 3 19 3 1 8 16 18 1 20 4 8 16 11 5 17 16 15 10 15 15 8 21 8 5 2 11 7 21 16 10 7 1 7 6
220
3 6 8 8 5 4 9 6 6 4 2 8 3 2 7 5 4 9 8 9 4 8 2 7 8 5 8 5 6 7 7 5 2 3 9 4 6 1 3 8 8 9 1 6 7 9 2 2 6 7 8 3 5 1 3 9 5 3 8 7 4 8 6 2 7 1 10 4 9 9 3 2 3 9 4 7 3 9 3 6 8 10 1 2 4 8 3 2 9 7 4 3 1 7 1 4 9 4 2 6 3 4 1 10 9 3 2 9 1 5 8 7 9 5 2 7 1 1 2 9 1 6 9 8 8 5 8 6 9 9 9 3 8 2 2 9 9 7 2 3 4 5 9 8 1 5 1 7 8 8 9 2 8 5 3 3 6 10 4 2 1 8 2 1 4 2 6 8 8 1 6 4 9 9 9 4 4 6 8 1 4 8 7 3 6 1 8 2 6 7 7 8 6 7 1 4 9 7 1 3 6 3 7 5 8 6 9 1 9 3 3 9 6 8 2 3 4 6 4 4
94
15 9 8 12 1 7 16 12 19 18 5 12 5 15 16 1 15 13 14 2 11 12 8 4 18 19 3 13 12 3 9 19 9 17 8 20 17 6 5 11 3 3 9 21 13 19 15 19 20 12 21 11 3 3 10 16 7 16 14 17 17 9 19 7 4 16 17 19 5 4 17 12 12 13 10 4 13 10 20 15 3 7 17 7 9 4 15 1 14 6 22 3 6 14
65
16 5 5 28 29 21 19 31 1 23 23 14 30 16 28 14 24 20 9 28 19 7 5 12 3 20 8 2 29 6 7 10 2 28 5 12 31 15 18 29 14 17 14 13 18 23 23 11 10 24 7 27 2 27 20 2 22 8 17 7 16 1 27 15 27
87
2 13 7 15 14 15 21 15 20 17 17 5 20 16 4 14 4 15 13 17 3 10 3 16 14 19 13 14 7 16 15 7 23 4 6 21 20 8 16 12 2 6 10 3 15 2 1 9 8 16 15 7 14 21 16 6 19 3 2 14 13 10 2 8 13 7 18 21 14 15 2 3 12 7 17 7 21 17 20 19 19 9 1 4 9 7 22
242
7 5 8 4 4 8 1 4 2 6 6 4 5 3 5 6 1 3 5 2 5 2 5 8 8 1 1 2 3 5 2 3 4 5 1 4 2 1 6 7 2 5 7 6 6 6 9 2 5 2 2 5 1 8 3 5 8 6 2 7 4 6 5 3 2 6 6 4 4 9 5 1 6 3 1 3 6 2 6 2 8 4 2 6 5 5 4 5 6 1 8 5 4 2 1 7 8 1 5 6 8 7 6 4 1 2 4 3 6 4 2 7 7 9 8 3 5 5 3 5 6 2 4 7 3 1 2 1 1 3 8 5 2 2 8 2 1 7 7 3 9 7 4 4 1 6 5 6 3 6 4 1 1 4 4 3 9 6 5 2 4 2 1 2 6 5 8 2 3 2 6 1 7 7 7 8 5 8 8 8 3 6 6 3 5 2 1 3 1 2 1 6 8 1 7 6 2 1 1 4 7 9 8 2 5 1 9 3 8 3 8 8 8 2 6 1 5 8 8 4 7 7 6 9 3 7 2 2 6 7 7 6 7 9 4 2 6 6 1 7 6 3
169
8 12 6 8 8 1 3 10 8 10 7 4 7 11 3 6 7 3 12 9 9 1 5 3 4 3 1 6 7 10 9 5 10 4 2 3 9 9 3 8 1 7 2 10 4 1 9 4 1 2 2 2 1 5 6 4 5 5 9 4 7 12 4 2 6 10 11 2 1 6 11 4 8 9 8 1 6 7 8 2 8 10 3 6 6 8 3 2 11 12 9 4 1 12 5 8 3 11 6 9 11 1 6 10 6 12 3 3 4 9 4 6 3 1 12 6 10 4 4 5 1 5 3 11 11 2 3 2 12 3 12 8 8 12 8 3 5 5 11 3 6 10 12 4 6 1 9 10 6 3 12 7 3 12 2 5 3 6 11 4 9 11 3 2 10 4 3 10 5
209
8 2 1 4 6 6 4 5 2 6 2 7 2 5 5 8 9 9 1 3 2 5 1 3 8 1 2 3 8 9 8 5 10 2 10 7 10 5 2 2 5 6 9 5 9 10 4 1 1 6 10 7 6 2 2 9 3 5 2 7 2 1 8 9 7 6 3 1 6 4 6 8 6 3 4 7 8 3 4 8 4 9 5 7 9 5 5 2 1 7 3 6 8 3 8 3 8 8 4 7 3 10 3 1 2 5 6 5 4 5 1 1 9 6 8 6 4 1 1 2 2 9 7 7 2 8 6 6 9 5 8 5 1 7 8 9 5 5 6 7 5 9 10 3 3 6 9 6 3 6 9 2 7 5 8 8 1 4 9 6 8 8 3 8 7 1 6 1 3 2 8 4 3 9 8 1 3 8 2 8 1 6 4 10 6 1 5 8 5 2 2 5 3 9 4 5 1 1 10 4 3 9 9 6 7 3 3 6 10
79
7 18 5 8 21 3 8 6 25 24 16 16 17 23 17 23 10 13 12 21 7 10 22 9 18 7 15 14 5 2 6 4 13 19 17 4 8 1 5 24 22 12 8 8 11 12 5 13 7 3 21 3 25 6 18 1 9 19 21 1 16 13 21 16 26 6 10 19 16 23 10 3 10 21 26 16 3 15 18
54
24 5 23 5 32 12 25 2 24 32 22 27 11 17 20 5 37 29 19 21 21 2 14 14 24 6 36 10 13 9 20 37 34 31 20 26 26 3 36 27 31 20 35 1 25 15 1 29 2 17 6 14 33 11
15
30 63 84 41 4 34 54 30 105 71 118 47 44 72 45
238
1 3 8 5 6 9 7 7 7 6 6 3 6 1 9 6 5 3 9 6 2 6 5 8 2 8 4 5 2 3 6 7 6 1 2 3 6 8 5 3 3 7 3 8 3 4 8 4 2 4 2 6 9 1 4 7 8 6 6 6 6 3 5 3 2 3 3 8 5 7 2 8 8 7 9 2 4 2 9 8 6 1 6 3 1 5 8 3 4 8 8 8 3 3 8 2 6 5 7 6 4 3 4 3 6 4 7 8 5 9 4 4 7 7 3 9 8 1 8 8 6 3 8 1 9 2 7 5 2 5 4 1 3 3 5 8 2 1 6 1 4 3 7 7 5 6 1 6 5 5 3 3 6 2 9 6 8 2 8 3 7 6 4 7 5 2 7 2 5 2 1 8 8 4 1 7 2 8 6 2 3 1 4 6 6 7 8 1 5 4 7 5 5 5 2 2 4 5 8 5 3 2 4 2 9 6 5 7 4 3 4 2 9 3 4 4 2 5 6 3 9 5 4 2 5 7 8 1 5 2 1 2 3 4 2 3 6 4
4
153 295 158 96
31
16 35 63 50 38 11 24 46 61 63 32 13 4 60 3 9 35 18 32 45 54 33 64 8 25 64 62 38 22 43 64
258
6 7 2 8 8 8 4 2 2 5 6 3 4 5 4 1 3 4 4 6 4 2 5 2 2 6 3 3 8 6 3 2 1 6 5 5 4 1 6 6 3 7 7 3 2 1 7 3 3 7 6 1 6 7 6 7 1 3 7 4 1 5 8 7 3 7 7 1 1 8 2 3 7 5 7 2 5 8 2 7 1 6 8 6 4 1 5 2 8 8 4 6 1 5 6 6 1 7 3 2 3 7 5 8 1 1 4 2 5 2 3 5 2 1 2 2 1 1 5 1 1 4 2 7 8 2 2 5 6 7 7 7 5 8 6 6 6 6 4 7 2 2 3 3 1 4 4 2 6 5 1 6 7 2 6 5 1 6 3 4 4 6 3 7 6 5 3 2 2 3 7 8 4 2 8 8 2 2 4 3 2 3 7 4 6 1 3 8 4 5 6 1 5 7 8 5 6 2 5 2 7 4 5 5 8 2 8 8 1 5 3 7 1 7 5 6 5 2 3 2 8 2 6 2 6 8 1 8 5 6 6 1 8 8 5 5 1 5 7 6 2 1 2 1 1 5 8 5 6 2 7 8 4 4 1 4 7 4
64
6 27 15 27 12 8 15 26 1 2 1 31 29 17 6 25 30 7 30 30 24 9 26 1 5 26 22 23 8 12 20 10 18 25 9 29 29 14 4 9 3 29 3 24 24 12 19 19 22 19 8 10 13 16 24 26 32 28 6 1 2 25 31 18
140
4 14 13 4 3 2 12 7 3 4 11 4 5 7 7 9 5 10 9 10 15 12 14 2 14 7 2 8 10 4 2 5 13 13 6 8 1 2 5 14 2 7 2 10 14 14 4 10 13 14 3 9 7 13 11 11 15 3 9 8 12 1 7 4 14 13 13 14 5 3 5 14 9 1 9 1 5 14 4 10 10 7 9 10 12 10 3 4 14 3 5 7 1 3 4 14 5 8 2 12 4 7 11 11 12 6 6 11 4 4 3 3 10 13 12 11 11 4 1 7 4 10 10 3 10 11 8 11 4 9 12 2 11 1 12 5 9 9 2 8
109
11 4 12 18 19 8 13 13 15 13 18 10 18 1 1 1 11 15 16 19 9 16 3 4 16 8 8 16 6 2 6 16 11 4 18 5 3 6 1 2 4 17 17 8 10 19 1 9 18 18 4 9 1 12 8 9 16 19 18 2 9 4 14 2 9 12 17 16 10 10 12 14 12 17 1 14 16 7 18 16 3 11 3 14 6 1 16 5 2 16 6 8 6 5 10 15 14 18 3 10 7 11 3 11 11 3 19 6 1
5
47 133 373 262 9
214
2 5 3 5 3 3 1 1 6 1 4 3 2 5 2 4 2 8 4 4 4 4 5 9 8 3 9 9 8 1 3 9 7 6 1 8 3 5 9 5 8 8 2 2 3 5 10 6 4 6 6 4 2 5 4 3 4 5 10 4 5 7 1 9 8 5 3 10 2 2 9 2 7 3 5 9 9 7 7 2 7 5 10 9 3 2 4 5 10 2 1 9 5 5 9 3 5 9 9 3 1 5 7 2 4 2 3 9 1 6 3 1 8 1 6 6 8 2 6 8 4 1 8 8 5 5 1 9 4 6 8 4 8 3 1 5 7 2 7 4 6 2 1 7 8 3 2 6 4 2 3 4 7 1 2 5 7 8 1 8 1 9 3 7 10 1 9 7 6 3 1 3 5 5 2 6 7 7 6 8 10 2 5 8 1 8 9 8 8 6 9 9 8 6 3 1 1 4 5 8 2 9 6 3 7 8 6 8 8 10 2 4 1 5
291
3 5 3 5 1 4 4 3 4 3 2 1 1 2 3 3 5 4 5 2 4 5 5 5 2 6 1 5 1 4 2 2 4 1 5 3 5 4 6 4 4 5 2 3 1 7 4 1 3 2 4 5 2 5 5 3 2 3 1 5 1 6 2 1 7 3 3 5 7 2 7 1 3 7 3 4 6 2 1 2 3 2 4 6 2 6 1 6 5 3 5 5 5 4 7 7 1 2 2 7 6 3 1 6 3 2 5 5 7 7 2 5 1 4 3 4 6 1 4 6 6 6 7 1 1 1 7 5 4 7 5 1 2 2 2 6 1 7 7 5 3 6 3 5 4 1 5 1 3 1 4 3 5 5 5 2 6 3 5 6 6 7 5 6 6 5 3 5 3 5 5 3 6 6 1 3 2 3 6 1 5 3 2 5 6 2 4 4 6 1 1 5 2 6 2 5 3 4 5 7 5 1 1 2 6 3 6 1 7 4 6 5 1 2 5 6 4 2 6 7 3 7 4 2 1 6 4 4 7 4 2 2 5 5 1 6 4 7 5 2 3 5 1 1 2 7 4 3 4 3 4 1 1 5 3 7 1 3 3 7 1 5 5 5 4 2 1 7 3 5 3 2 5 3 5 2 6 3 7 6 5 4 7 7 2 1 4 5 3 3 5
177
10 11 9 9 8 6 9 7 8 11 3 5 2 2 10 8 11 2 1 5 5 2 5 3 8 10 4 2 5 10 7 11 5 2 1 3 9 6 8 6 3 6 9 1 12 1 10 4 3 3 1 12 11 3 2 10 10 7 4 1 10 7 10 4 8 10 6 11 6 6 4 10 1 6 9 9 7 1 2 4 10 11 4 2 4 6 1 9 1 2 8 10 6 3 3 3 11 11 4 11 2 7 6 5 9 9 2 2 3 11 10 7 4 1 1 11 4 8 7 10 3 7 3 4 7 4 1 8 10 10 6 8 1 9 12 3 3 10 5 10 6 4 11 10 1 10 1 9 8 10 3 7 2 3 11 9 10 8 5 3 9 7 11 2 1 6 4 11 8 1 1 6 9 8 7 11 2
280
3 5 6 4 1 4 5 2 4 3 4 6 6 3 2 4 4 6 6 4 3 5 5 5 1 5 6 5 4 4 5 7 3 2 1 6 4 3 2 6 6 2 1 5 5 4 2 8 6 7 2 2 1 5 7 5 5 7 1 2 7 5 6 7 3 4 2 4 4 1 6 1 4 5 3 6 7 4 3 2 2 1 6 2 6 3 7 2 7 5 7 1 2 6 5 5 1 1 7 6 2 5 4 3 7 3 3 3 6 4 2 3 5 4 3 5 3 1 5 6 5 4 4 2 7 4 1 5 1 3 4 5 3 4 3 3 2 1 2 4 4 1 7 8 6 4 6 2 2 6 2 3 5 1 3 1 1 6 8 7 1 5 4 1 7 1 6 3 3 1 3 4 4 5 4 1 1 1 2 6 4 8 4 1 4 5 3 4 2 1 1 3 3 5 7 6 3 3 5 5 6 2 3 7 2 3 3 4 7 5 8 7 6 4 5 2 2 7 2 3 1 2 3 2 5 6 7 3 7 1 7 6 5 4 7 7 5 1 5 7 3 5 4 1 2 6 3 2 6 4 7 1 2 1 7 2 1 7 5 1 3 7 4 4 6 6 6 7 7 6 4 2 3 8 2 1 3 2 3 4
23
12 47 66 35 18 8 84 37 77 43 51 54 9 3 32 14 81 69 41 43 45 51 42
281
4 3 2 6 2 2 5 2 7 5 2 2 1 7 6 7 6 1 4 1 6 2 2 6 2 4 6 3 3 3 1 1 3 6 6 1 1 1 7 4 2 5 1 8 2 3 4 7 5 6 3 7 7 8 3 5 2 5 4 5 7 2 1 4 5 5 4 7 7 2 6 7 4 1 4 4 5 3 4 3 2 3 7 6 5 7 3 1 3 5 6 5 5 7 5 3 2 6 5 3 4 7 7 7 7 5 4 4 5 4 3 2 6 7 2 2 4 2 6 1 4 1 8 1 5 1 7 6 4 7 7 7 4 4 6 6 4 6 6 6 8 3 6 6 3 4 4 5 3 2 3 1 5 7 7 1 4 3 7 4 4 7 2 5 7 4 4 3 7 2 5 1 6 7 7 3 4 4 6 4 5 5 7 6 3 3 6 7 5 5 2 4 2 3 3 7 2 3 3 4 4 5 3 4 7 6 5 4 7 6 5 1 7 7 6 5 2 2 2 5 5 2 8 6 7 6 5 2 6 4 4 3 5 1 4 1 6 7 2 5 7 7 6 4 4 1 6 7 7 2 6 5 1 6 6 5 2 5 5 6 1 2 7 3 3 5 4 6 4 2 3 1 5 6 3 3 8 3 1 3 7
42
9 6 27 30 12 20 42 18 25 47 9 42 46 8 38 31 29 21 9 15 13 20 36 24 42 2 12 10 42 17 18 1 4 47 4 44 8 6 2 42 30 15
275
7 3 7 5 1 2 1 1 7 4 4 6 7 6 4 6 7 4 4 1 1 7 6 1 6 4 7 6 1 1 7 2 4 5 8 8 7 6 1 7 6 5 5 1 2 2 1 3 3 5 2 5 7 4 6 6 4 5 3 6 3 1 4 1 4 4 7 7 2 5 3 6 6 5 6 3 7 4 3 2 7 1 1 1 3 2 3 6 5 2 4 4 3 2 7 2 8 4 4 8 3 5 4 2 3 2 4 1 2 3 2 2 3 6 6 5 5 2 3 2 7 7 5 1 7 3 4 4 3 6 5 5 2 3 5 6 4 5 3 7 3 6 6 3 6 4 6 1 7 7 2 7 2 3 1 4 3 2 1 3 7 4 5 7 7 6 7 4 6 1 7 3 1 8 3 6 3 4 7 5 5 4 5 2 1 3 4 5 7 3 5 5 3 7 8 1 2 4 5 1 7 4 7 2 1 6 2 1 3 8 2 4 5 6 6 1 4 3 7 6 3 4 2 7 8 3 2 2 6 6 7 7 2 4 6 2 7 5 7 6 5 2 5 7 2 5 4 3 2 7 7 5 6 4 3 7 4 2 7 2 4 3 2 7 4 5 5 7 8 4 7 3 2 6 6
267
6 4 4 2 3 5 3 1 8 1 5 3 6 7 2 6 5 1 6 8 7 1 4 6 6 3 4 1 8 1 2 2 5 7 6 7 1 3 3 7 1 5 6 4 4 4 3 7 8 5 4 2 3 1 2 2 6 7 7 6 7 1 5 1 2 6 7 2 7 7 6 3 7 5 7 4 7 1 3 5 6 7 3 7 4 2 6 7 4 8 1 5 3 6 6 3 3 3 8 4 5 1 2 1 1 4 1 5 8 3 1 5 7 5 4 4 6 1 7 4 7 6 1 3 4 3 7 3 4 7 4 7 3 7 7 2 3 3 2 5 6 6 2 3 1 6 1 7 3 3 4 4 7 7 1 4 1 6 4 5 5 6 7 2 1 5 2 5 1 3 6 7 4 4 5 3 2 5 6 7 1 6 1 7 3 2 6 2 2 6 4 6 8 6 8 3 7 6 2 5 8 7 1 4 4 5 3 7 3 7 1 5 2 8 4 2 6 4 5 5 2 1 4 4 2 7 4 3 6 7 3 6 4 4 1 6 7 4 6 3 6 3 7 6 2 2 8 8 6 8 4 7 5 2 2 2 1 8 8 3 4 2 1 6 1 7 1
207
5 4 9 1 8 4 6 8 7 4 1 6 3 9 5 6 4 8 4 7 9 9 2 7 2 8 4 6 8 3 1 8 5 6 7 4 8 10 1 5 9 4 9 7 4 2 6 4 7 3 7 6 8 1 3 10 6 4 5 7 5 4 6 9 5 3 2 2 2 2 7 1 10 6 8 1 2 9 4 9 2 3 8 6 2 9 2 8 6 7 9 4 9 1 6 8 7 8 8 6 3 1 7 4 4 9 4 6 8 6 1 3 9 6 5 7 9 9 2 5 2 8 3 9 9 6 8 1 10 4 6 10 9 10 5 1 3 6 7 6 3 6 2 9 10 6 8 10 7 6 3 9 1 2 4 5 4 3 8 6 6 7 4 8 2 8 3 2 2 5 5 2 3 6 7 2 8 8 2 6 7 1 2 10 3 4 10 5 1 5 5 6 1 4 5 5 1 4 3 5 6 8 2 1 6 8 1
95
1 1 5 20 19 8 15 4 3 8 9 6 7 3 15 8 16 4 18 7 5 1 7 10 15 4 14 17 1 19 7 9 12 14 18 12 18 21 14 11 14 7 10 1 1 7 9 16 12 19 17 12 10 19 21 18 18 12 3 6 2 20 8 14 20 1 15 17 18 3 4 10 19 15 14 15 8 16 10 2 18 4 13 6 6 6 21 19 17 3 1 19 12 14 8
57
6 13 9 35 7 20 1 14 23 5 18 20 21 31 31 19 4 6 3 10 30 2 8 17 32 15 1 30 32 4 8 28 27 35 17 25 12 20 31 1 1 11 26 32 23 4 9 30 9 34 34 19 4 16 2 5 18
98
2 3 9 5 4 6 13 18 3 10 20 20 18 4 20 4 10 16 4 10 5 5 4 4 13 8 20 18 6 19 2 6 3 16 19 11 19 13 14 19 16 11 6 13 14 4 3 8 4 9 14 4 1 11 3 17 16 14 15 4 16 4 2 15 5 11 5 11 16 4 15 6 5 14 11 6 4 16 3 9 9 12 5 11 20 3 5 12 1 7 12 1 18 11 16 2 4 8
9
218 184 125 150 102 106 9 97 217
49
13 9 27 6 23 11 40 32 10 22 16 14 36 25 29 2 3 6 24 18 38 16 3 16 3 20 38 21 12 21 22 35 12 7 2 35 14 35 7 25 14 22 13 7 12 37 14 23 5
185
10 3 6 5 7 8 6 6 2 2 2 3 1 9 2 1 9 9 8 10 2 1 2 4 6 1 10 4 2 5 9 2 4 4 5 9 11 8 9 6 3 10 8 7 1 7 5 2 11 1 7 10 3 10 6 6 1 10 10 5 2 3 8 2 10 10 9 2 5 10 5 6 6 8 8 2 3 9 1 3 8 4 5 9 1 6 7 7 8 11 3 11 9 9 5 7 1 3 10 6 4 10 6 9 8 3 3 4 7 3 6 2 1 4 4 11 4 10 1 10 8 5 8 10 5 9 9 11 6 10 9 9 10 11 3 6 3 2 5 10 9 3 2 9 4 2 9 5 5 10 1 4 10 3 3 8 8 4 2 5 3 3 7 11 2 8 6 8 2 6 1 7 7 6 3 4 8 1 7 2 7 8 2 1 5
176
11 5 11 8 11 7 8 11 10 6 1 2 4 7 2 3 4 11 6 7 8 9 10 4 8 2 7 1 7 9 4 11 1 8 3 6 3 1 3 3 3 6 8 9 4 6 8 6 6 2 7 9 10 11 6 5 5 5 9 5 5 7 8 2 5 8 3 3 7 1 8 10 2 2 7 8 6 1 11 1 9 4 11 1 5 5 1 6 1 6 1 11 6 4 10 5 11 5 4 10 10 4 6 7 2 7 8 9 6 4 3 5 3 1 1 1 8 4 4 12 1 9 4 4 9 1 6 8 2 10 2 1 4 3 12 1 9 11 9 5 4 11 3 4 10 8 8 8 2 9 8 9 6 10 12 2 2 10 8 2 6 10 8 1 1 5 10 11 7 11 8 6 1 5 10 11
62
31 26 4 1 10 5 1 26 28 20 29 29 24 10 6 11 3 22 21 28 31 5 30 1 2 29 33 13 22 33 26 3 4 9 18 14 15 6 2 20 22 14 4 2 13 19 29 12 19 31 15 25 15 3 5 8 11 4 8 30 17 25
61
13 7 33 12 3 28 28 19 23 14 16 28 3 33 3 2 2 30 20 1 15 2 32 24 14 20 3 30 17 32 9 21 6 28 3 12 29 5 12 27 26 28 20 13 26 11 32 14 21 28 25 11 15 4 10 14 21 27 31 18 8
60
12 32 26 19 26 18 28 10 28 2 9 19 33 18 17 20 21 13 6 15 26 33 1 14 4 26 16 9 17 7 6 24 27 10 18 3 4 5 24 25 25 17 3 14 28 13 21 16 32 24 34 10 32 18 21 6 2 23 23 10
40
19 35 47 42 31 12 5 17 7 10 36 40 50 44 30 32 42 38 11 25 49 25 41 39 11 6 34 40 29 28 6 49 28 21 21 17 29 26 47 25
76
15 9 22 18 19 26 1 2 22 24 19 5 27 2 11 12 3 4 21 1 1 1 16 3 12 22 10 18 22 20 25 14 15 7 4 2 5 22 9 19 22 16 1 1 12 6 4 24 5 18 26 19 15 13 1 14 9 21 14 12 3 4 10 2 26 9 16 23 7 23 24 22 11 16 10 1
10
172 25 113 92 183 5 28 188 188 33
173
8 3 6 6 8 10 1 2 1 2 2 1 3 3 9 10 3 10 4 3 11 10 6 1 5 6 7 9 1 7 1 5 5 6 10 8 4 8 3 9 1 7 6 4 3 2 7 7 5 7 1 2 6 11 10 9 4 6 10 10 11 11 10 11 4 1 5 2 2 1 3 4 4 9 9 1 4 1 12 8 11 3 7 9 5 6 8 2 8 6 6 11 6 8 3 9 8 3 1 11 8 6 3 1 11 9 9 9 4 5 6 9 7 2 10 7 5 6 7 4 11 2 3 6 5 9 1 3 7 10 11 5 1 11 9 2 11 2 8 10 3 2 4 5 1 2 10 2 1 3 9 7 8 2 8 8 1 4 4 10 8 9 5 3 11 7 6 7 3 10 2 6 6
201
5 3 3 1 1 10 4 10 3 5 2 2 3 5 4 8 7 4 8 7 5 2 5 10 3 3 4 5 5 1 2 3 1 3 6 4 1 10 3 4 3 8 3 5 5 4 8 7 2 7 4 7 2 1 10 1 2 6 1 6 9 4 3 9 7 10 1 9 9 5 6 5 10 9 4 8 7 6 8 10 5 4 2 5 2 7 2 2 5 4 4 6 5 3 10 2 1 4 8 9 6 3 8 2 1 9 1 3 7 10 5 1 4 7 5 2 5 10 4 10 4 5 6 3 5 4 8 4 9 10 1 9 10 6 2 1 9 6 3 3 2 7 4 3 3 9 4 1 2 1 8 3 7 5 10 3 4 4 9 2 9 6 3 2 10 1 6 3 3 7 5 2 9 3 5 7 2 10 2 3 3 6 6 1 5 5 7 2 4 10 4 9 3 5 7 10 10 4 10 4 8
212
2 9 7 8 7 3 1 9 9 6 6 9 7 8 4 6 6 8 5 3 6 2 2 6 2 10 10 4 7 6 9 7 1 7 3 6 3 8 6 5 9 8 5 7 2 7 4 7 6 1 9 9 8 3 7 3 9 9 2 8 5 10 5 1 6 3 5 3 4 9 6 3 3 1 7 1 10 5 2 8 5 10 3 4 4 3 9 2 6 2 6 9 7 1 7 10 2 9 9 2 5 2 6 5 8 1 5 2 3 7 9 1 7 8 4 5 9 7 8 7 7 4 6 2 2 4 5 1 1 1 5 5 5 9 3 1 2 9 4 9 9 4 9 4 7 9 6 1 7 7 7 10 6 8 4 7 5 3 5 9 5 4 7 1 9 4 7 3 4 4 7 7 7 3 7 1 5 1 2 10 10 2 5 2 8 6 1 5 9 6 5 10 6 7 3 7 7 4 9 8 7 2 7 4 8 10 10 9 7 1 1 8
8
91 19 208 239 185 146 197 111
174
3 9 4 10 4 6 12 2 1 10 5 6 4 10 2 5 2 11 5 11 9 3 5 7 6 1 2 1 12 10 3 10 4 6 5 8 2 5 5 10 5 6 12 4 4 7 3 3 5 3 8 3 1 7 10 8 10 12 5 5 5 5 10 3 7 8 11 6 6 6 5 1 11 8 4 9 10 9 10 3 1 1 7 10 6 8 5 8 11 3 6 4 5 10 5 2 5 7 7 9 2 6 9 3 6 9 3 1 1 2 7 2 1 9 1 6 1 6 5 11 7 4 11 11 7 10 5 10 7 9 4 2 10 1 7 10 6 9 7 10 1 2 9 1 6 7 8 6 12 8 6 2 4 4 7 6 11 6 9 12 3 2 6 5 9 9 6 7 4 1 9 2 11 7
15
35 116 68 7 44 23 83 116 118 83 98 102 7 4 118
296
5 3 5 6 3 4 7 5 2 3 1 1 7 6 7 5 7 4 6 3 5 7 4 2 2 5 2 2 2 5 3 7 6 7 5 5 3 1 6 2 2 2 5 1 6 1 1 1 6 6 7 5 6 1 4 3 6 3 7 7 2 2 4 2 5 1 7 5 3 1 4 5 3 5 4 7 2 5 2 2 2 2 2 1 4 7 1 1 3 7 5 1 6 5 1 1 5 7 7 2 4 3 5 4 7 3 4 2 4 1 2 7 3 3 6 6 5 6 2 4 1 5 5 5 3 1 5 3 5 3 2 2 2 2 3 7 1 6 3 5 6 3 7 3 2 7 2 4 4 4 2 1 5 3 3 5 4 6 4 4 7 2 2 5 6 2 7 4 7 2 7 1 6 4 4 1 4 2 6 4 2 1 4 1 2 3 4 6 2 4 5 2 1 4 1 5 2 1 5 1 3 2 2 5 6 1 4 2 2 4 1 1 2 3 4 3 1 6 3 1 6 4 3 2 7 6 6 2 4 4 6 4 2 5 4 7 5 5 6 5 4 5 4 7 4 4 7 3 6 3 2 2 7 1 5 7 1 3 2 7 4 5 5 2 5 6 6 6 4 7 2 1 1 2 2 7 7 7 7 3 1 2 4 4 7 1 5 7 1 5 2 5 6 5 3 6
68
4 27 21 5 21 16 4 12 7 7 27 20 25 22 27 4 4 15 20 14 15 23 2 27 16 22 20 10 11 21 21 21 14 5 2 26 13 25 3 19 11 16 14 2 27 6 25 11 4 18 13 27 12 21 25 20 29 5 3 27 14 28 12 21 17 4 4 13
182
6 1 1 11 11 4 9 5 5 11 8 10 1 11 1 3 2 3 10 8 6 1 10 6 11 3 2 2 6 5 2 3 6 4 8 10 10 10 8 7 11 4 5 7 4 3 10 2 11 11 6 2 11 10 9 3 6 8 9 2 8 1 2 8 4 10 5 10 4 7 2 6 10 10 5 3 2 4 6 9 5 4 11 2 9 6 10 3 11 8 9 1 7 6 6 5 10 4 1 2 8 8 5 5 2 8 1 9 2 11 2 4 2 9 1 9 9 1 2 3 10 8 10 1 1 9 10 7 8 8 3 3 2 2 5 11 7 11 11 8 8 4 1 6 1 3 2 1 10 2 8 4 11 5 6 3 2 8 10 5 3 4 7 3 6 1 10 9 6 2 2 8 4 9 11 9 11 10 2 9 1 2
233
2 2 5 9 6 1 6 8 7 6 8 8 3 6 6 4 5 3 6 2 8 7 6 1 1 3 7 7 7 8 3 5 6 6 2 8 6 1 6 7 2 4 8 4 2 3 3 6 6 9 9 7 1 2 2 2 1 7 7 5 8 6 4 5 5 8 3 9 7 8 9 8 3 8 5 7 5 1 1 7 6 1 3 3 4 1 4 2 6 5 1 3 9 6 1 8 7 6 9 8 2 3 1 7 3 7 8 6 1 2 9 2 4 1 7 8 5 8 1 2 4 5 8 6 3 5 6 3 7 6 8 2 2 4 1 4 6 7 8 2 1 3 4 9 8 6 6 2 1 8 7 7 2 6 1 6 2 3 4 3 4 1 8 5 8 5 2 8 6 3 1 9 5 6 9 7 2 1 1 4 6 2 6 6 4 3 4 3 8 1 3 2 7 3 8 5 8 2 6 5 5 7 8 4 4 3 4 2 7 2 9 8 4 8 5 1 7 2 8 9 7 4 2 7 4 5 7 1 2 7 6 9 7
218
9 4 6 7 7 1 4 5 9 9 6 9 1 10 4 4 5 3 8 4 5 4 9 6 8 6 9 1 1 3 9 3 2 2 7 6 7 1 5 1 7 6 9 1 7 2 1 6 8 8 9 8 2 9 9 4 4 6 8 1 4 7 4 5 1 7 5 10 7 2 4 6 5 1 8 5 1 8 9 6 6 9 9 5 7 4 3 6 1 5 6 4 1 2 9 3 8 7 3 2 5 9 8 3 2 2 4 8 5 8 1 7 7 4 1 8 1 1 7 2 3 7 4 6 5 3 6 3 1 2 1 8 5 8 4 5 2 10 8 1 9 8 5 3 2 2 9 5 4 6 9 1 1 2 7 4 8 1 1 7 7 8 2 2 9 4 7 7 2 8 2 4 5 6 9 5 1 3 3 1 6 7 3 9 3 2 9 3 7 3 9 7 9 7 1 6 6 2 4 5 1 4 1 4 3 4 5 2 6 6 1 4 6 2 9 7 10 1
294
5 5 6 5 3 5 7 2 1 4 6 7 2 5 6 7 7 5 4 5 3 6 1 3 5 2 1 3 6 7 2 3 4 6 7 6 6 6 1 3 2 5 1 5 6 6 5 4 4 2 7 2 1 5 1 5 1 5 3 6 1 4 4 2 1 1 7 7 3 6 6 6 5 4 5 3 1 5 5 4 3 4 4 6 5 2 6 7 2 3 6 2 6 7 3 7 7 6 7 5 3 1 1 1 2 5 4 1 6 4 2 5 2 3 5 3 6 6 3 3 3 2 4 3 6 7 6 7 2 3 2 6 2 4 7 3 3 1 2 2 4 2 7 5 5 2 5 4 3 5 3 7 3 3 1 4 6 5 3 5 1 7 3 2 5 4 6 4 3 3 2 4 6 4 1 6 4 6 3 6 7 2 4 7 7 5 7 2 6 3 2 5 1 1 5 4 5 4 4 5 1 1 1 6 3 4 1 5 2 6 5 4 4 7 3 6 1 4 3 3 2 4 4 7 3 4 2 7 5 2 7 7 4 1 1 2 6 4 5 7 5 1 1 3 7 2 5 1 5 6 2 2 4 1 3 1 3 5 4 5 2 3 6 4 1 2 1 2 3 4 6 2 6 2 4 5 6 3 4 5 2 2 2 4 1 5 7 1 1 3 5 7 1 4
