171
73
6 8 16 17 22 27 2 12 24 4 11 1 9 27 6 17 28 21 15 1 1 17 18 25 11 6 17 20 13 21 15 9 19 4 10 4 23 18 16 8 9 22 15 5 28 6 14 21 25 7 7 4 4 2 7 9 2 18 11 7 14 12 8 22 14 6 1 11 25 3 11 13 16
79
8 5 1 17 5 22 17 23 25 10 13 21 9 21 3 15 14 10 22 20 18 12 2 2 19 24 8 3 22 9 25 12 20 21 13 16 9 16 12 6 10 11 16 9 9 20 7 10 6 18 23 13 13 26 6 26 22 22 22 19 10 1 9 2 18 23 7 11 14 19 12 21 18 12 17 4 25 21 21
72
17 27 3 24 1 24 10 1 8 2 3 13 1 28 21 28 23 13 12 1 4 12 17 6 6 17 5 16 12 5 11 13 3 15 24 10 6 4 22 3 1 4 14 13 20 24 5 1 22 8 12 16 15 13 25 6 8 12 7 6 15 2 22 25 1 15 4 23 15 11 13 18
100
11 19 11 10 6 14 18 16 18 1 10 12 20 16 9 20 7 1 15 1 5 3 18 2 12 19 13 13 7 18 2 18 1 9 2 18 10 20 2 1 19 7 6 16 7 17 5 10 9 7 3 15 20 1 19 20 19 7 5 17 20 18 8 9 4 19 16 2 12 14 19 14 12 5 2 4 1 5 20 2 3 8 5 14 5 14 7 8 9 7 18 3 11 10 19 6 19 19 8 6
17
48 67 99 29 51 14 91 114 15 22 8 106 107 49 89 106 23
18
88 98 77 28 25 31 96 101 29 71 24 69 47 34 53 5 32 61
40
7 23 7 8 27 7 39 32 22 27 11 4 16 39 34 14 26 13 3 20 7 28 2 36 33 49 39 10 11 3 36 24 4 49 5 49 23 18 28 38
98
21 14 11 18 18 17 1 16 11 19 20 12 10 1 3 14 10 20 5 3 3 4 14 13 16 20 3 6 20 9 20 18 4 17 17 18 12 14 2 12 2 3 17 20 18 9 10 14 8 19 1 10 2 3 2 4 18 14 18 7 8 2 20 7 13 9 17 6 16 6 14 15 20 16 1 20 16 18 7 6 1 7 3 16 7 1 3 8 5 10 15 11 14 1 11 16 13 20
81
24 23 24 13 14 19 2 4 24 9 6 16 25 2 24 22 11 9 8 10 12 15 20 25 23 20 10 10 10 11 19 3 6 9 3 13 3 22 11 18 14 6 4 2 4 14 17 5 8 17 13 3 18 19 7 24 9 15 18 24 24 24 24 24 17 2 11 4 9 22 6 15 1 1 4 3 6 23 17 15 18
8
37 180 238 249 136 118 89 147
54
3 27 20 7 10 4 19 24 12 3 1 29 19 12 26 32 21 16 25 7 16 36 7 3 30 11 6 19 33 37 18 15 6 18 11 27 37 33 21 17 18 7 15 16 12 17 35 15 24 5 13 9 24 21
42
44 45 21 34 7 3 16 20 2 43 18 9 13 16 46 1 37 36 13 35 48 7 37 42 26 21 4 33 16 4 31 3 44 39 21 42 26 1 35 27 37 39
45
27 15 39 36 28 8 14 1 3 2 7 42 13 38 15 41 33 25 37 3 36 12 6 7 4 31 5 36 44 11 13 27 13 32 4 9 18 19 43 4 40 33 21 30 16
43
44 22 15 9 32 25 34 46 32 3 47 15 26 24 24 5 27 45 20 31 46 43 10 43 46 25 27 10 3 46 43 32 21 31 34 38 13 3 11 30 32 18 16
22
81 35 56 81 82 30 13 9 72 72 55 71 29 15 20 74 20 4 38 87 23 5
11
59 174 23 83 61 141 169 177 43 8 86
16
86 69 96 58 38 124 17 102 62 63 83 44 70 63 97 51
29
21 30 56 22 69 19 42 38 58 57 46 18 7 27 63 1 69 30 48 43 2 50 54 9 24 35 53 25 47
64
26 18 6 9 9 8 8 24 13 13 26 18 19 7 24 27 12 16 1 16 1 3 23 15 22 5 1 26 17 5 13 6 21 28 17 30 31 20 18 8 25 2 3 17 14 15 8 14 14 4 27 25 2 21 12 23 26 25 24 15 19 9 20 17
1
1153
87
11 9 7 22 12 3 22 16 16 19 1 23 9 17 15 11 13 11 17 18 2 14 9 15 16 6 12 15 11 21 17 16 8 22 20 15 9 2 14 14 1 3 18 3 8 2 16 4 4 5 11 22 16 13 18 16 14 14 7 12 3 18 21 10 7 13 15 22 18 7 11 6 3 17 20 14 12 3 6 9 13 8 2 10 3 22 12
15
70 9 78 91 122 4 38 38 14 85 20 119 110 37 63
87
20 12 10 8 15 5 20 15 4 7 19 14 14 7 19 4 12 20 21 11 9 12 5 14 7 18 17 13 4 22 14 13 9 19 12 9 17 18 6 9 11 11 17 9 16 8 20 12 1 2 12 1 21 14 13 4 14 10 7 1 4 21 7 2 17 9 16 22 4 18 15 19 18 11 13 7 8 3 11 10 10 18 13 3 2 5 23
52
24 12 14 11 17 28 22 24 38 18 34 36 2 35 4 33 29 9 10 36 3 9 27 20 2 37 34 20 11 18 25 39 35 31 33 5 17 13 3 17 17 10 20 8 30 24 35 30 13 9 33 5
56
30 31 24 11 26 13 20 27 12 12 14 11 5 25 20 35 12 6 22 30 18 29 21 11 3 10 31 19 25 11 16 1 35 28 4 31 30 26 30 11 16 2 10 34 28 7 36 3 23 18 26 20 9 33 29 8
85
20 7 2 15 9 18 11 1 19 13 7 4 20 6 23 8 11 19 1 4 4 10 19 7 2 11 3 9 2 18 6 4 24 10 17 10 2 2 19 12 6 14 7 5 3 3 13 3 5 17 17 20 12 21 9 1 15 16 8 9 15 24 6 4 8 20 22 3 22 20 16 21 19 4 8 20 18 5 13 21 3 19 8 16 18
50
40 24 18 40 23 20 40 29 27 16 4 15 38 2 1 26 20 6 18 12 28 5 15 16 4 17 30 19 19 34 5 10 12 33 27 38 3 3 35 9 37 8 13 25 12 10 26 24 39 3
73
24 6 14 17 13 25 8 27 24 9 12 12 14 3 6 28 11 24 3 10 15 21 18 11 18 21 2 23 4 26 24 11 22 16 9 11 19 26 20 20 6 3 13 8 10 18 26 24 19 23 21 10 21 4 22 6 6 12 20 8 9 19 25 16 16 7 1 8 13 14 4 4 19
8
209 37 87 86 99 99 127 29
14
11 65 73 46 58 25 124 107 11 88 82 122 99 34
22
64 51 57 23 54 11 9 77 34 57 7 85 42 52 76 24 48 2 87 72 38 8
2
288 958
92
16 20 11 10 13 1 22 16 11 5 3 18 9 12 10 6 16 1 9 13 2 5 5 3 1 4 14 9 2 2 7 20 16 14 14 16 19 12 18 20 16 3 21 20 18 17 2 1 11 21 8 7 19 5 13 16 3 6 1 13 5 8 16 14 1 8 11 7 19 20 18 17 9 20 2 7 22 1 2 18 11 8 19 19 4 4 4 2 3 17 8 5
71
15 22 8 21 27 2 15 11 16 20 21 11 10 1 14 24 3 4 8 17 15 12 10 2 20 3 16 17 6 9 17 10 14 9 5 11 24 23 7 27 20 25 3 6 26 18 27 12 28 12 17 1 11 11 4 9 13 19 8 16 19 29 25 25 7 1 14 1 29 6 27
67
14 29 19 3 12 8 16 22 27 25 30 19 29 15 22 11 13 25 21 24 19 20 23 30 17 22 16 10 27 1 1 10 25 26 5 9 23 8 17 15 29 3 6 4 19 1 17 8 13 9 11 3 6 30 11 5 13 8 11 13 26 15 5 4 29 17 16
96
17 2 19 9 14 19 6 10 14 19 4 8 5 7 5 14 4 15 17 13 18 2 6 21 7 19 1 9 2 19 20 16 20 5 5 21 18 3 9 1 17 9 20 6 3 8 4 18 7 1 9 4 2 20 16 15 2 7 5 13 20 2 15 5 16 4 6 12 18 11 18 15 20 14 20 8 18 1 20 7 15 15 8 17 16 2 20 20 3 20 6 4 19 14 20 9
100
10 2 16 8 17 7 11 9 10 17 19 17 6 1 11 3 20 18 20 19 4 4 9 10 7 9 11 4 15 11 9 7 18 8 6 19 10 6 9 18 1 12 9 7 4 14 10 10 7 13 4 12 7 3 11 6 19 12 19 9 16 20 5 12 1 20 9 11 17 15 19 19 8 6 12 13 11 2 17 5 7 11 14 7 6 17 14 12 18 4 18 3 2 6 8 6 16 2 6 5
51
34 29 33 4 38 4 39 4 5 32 19 20 22 21 33 37 37 35 22 13 32 18 35 12 13 39 12 30 28 16 4 38 27 21 32 12 1 4 7 8 21 29 2 27 25 10 33 31 35 14 9
91
11 15 7 1 14 22 14 8 5 14 16 20 18 15 4 13 9 17 14 12 13 4 9 6 17 18 4 4 18 19 3 6 6 1 8 20 5 13 8 22 12 11 10 20 4 11 4 7 17 19 5 10 7 4 22 5 22 22 16 11 2 1 21 5 9 18 10 2 16 9 16 3 19 16 10 20 1 20 22 8 1 17 5 2 4 20 6 20 1 1 8
37
14 50 14 23 44 32 36 30 49 47 50 2 54 48 45 20 44 21 48 43 2 4 28 45 30 25 47 23 47 36 25 5 33 51 51 3 20
64
9 6 9 26 3 17 32 1 3 30 28 12 9 10 27 19 21 29 15 7 5 24 20 30 28 8 16 9 23 4 24 24 20 4 9 29 30 5 1 2 22 14 2 8 24 20 19 10 27 4 15 28 24 7 28 11 10 9 13 21 22 4 13 27
21
82 64 13 53 66 8 80 41 4 29 93 31 80 50 12 43 51 51 90 62 32
9
211 27 88 185 84 131 187 131 207
7
35 45 15 232 233 110 254
88
20 5 21 21 19 6 7 11 9 14 9 7 18 16 19 11 4 13 2 11 8 22 13 14 20 1 17 3 7 3 23 10 14 20 11 5 8 16 11 23 17 22 4 16 8 6 7 22 12 14 13 1 15 16 13 9 15 12 15 11 4 21 3 5 16 14 13 20 17 22 18 7 19 22 7 3 14 2 4 12 18 16 9 1 3 13 17 2
4
141 155 472 244
39
20 14 48 13 16 16 18 6 34 32 17 7 50 13 49 46 23 27 12 25 3 40 29 51 42 12 38 40 38 45 43 11 23 31 5 27 2 4 35
26
33 7 24 15 13 58 55 22 33 38 29 64 73 47 54 32 7 2 56 55 76 23 18 26 56 29
63
5 17 19 12 9 2 4 20 24 19 9 32 5 14 29 9 19 25 32 29 8 12 16 1 12 10 29 7 26 10 2 1 9 21 7 32 23 17 30 29 12 12 8 18 19 5 16 16 23 8 5 6 4 30 25 16 14 28 22 14 9 10 29
32
45 55 24 59 59 58 60 60 40 37 9 37 6 33 13 29 48 59 52 7 20 21 24 49 7 50 40 41 48 61 16 57
36
34 33 5 28 24 30 5 52 43 28 53 42 46 43 5 15 53 30 37 34 44 4 3 5 22 41 38 25 42 7 14 45 44 37 31 16
42
10 42 24 40 40 32 21 21 2 15 42 14 14 24 33 9 18 19 18 35 5 47 6 17 31 38 19 18 40 38 30 5 9 9 10 20 27 12 43 39 45 48
46
34 6 17 36 19 27 43 13 27 10 38 7 22 21 13 26 35 39 7 21 39 25 25 20 31 10 26 37 43 10 39 25 43 34 2 20 20 21 16 24 31 22 40 35 38 24
60
26 4 8 32 32 8 8 11 24 17 6 11 25 10 22 33 24 23 27 26 21 18 6 22 24 2 8 4 17 23 33 23 32 1 15 8 24 11 1 13 10 21 34 23 34 14 17 12 1 15 19 4 28 21 8 7 14 12 1 16
49
4 25 39 16 24 27 33 1 34 24 5 36 37 14 21 19 31 15 36 4 17 39 12 35 9 26 30 16 11 24 25 10 11 14 26 3 15 33 11 25 40 29 32 31 8 25 29 16 13
69
7 8 24 27 15 2 23 6 7 10 2 25 25 4 3 7 11 3 19 7 5 9 16 5 16 21 21 24 21 3 7 18 28 20 19 29 7 7 29 28 25 11 4 5 3 5 26 1 5 20 11 14 8 5 17 5 26 21 7 15 1 17 4 24 5 13 14 25 28
64
8 17 30 2 13 29 6 11 30 23 20 29 28 32 25 19 22 1 6 18 22 31 1 14 5 27 30 30 4 23 24 3 1 27 22 31 27 3 14 2 22 5 19 20 17 11 9 2 27 8 23 16 3 27 4 24 8 18 22 23 20 24 10 18
41
43 19 39 23 24 4 27 44 20 3 7 31 20 46 30 42 46 28 41 42 16 34 8 25 43 31 12 9 23 1 10 29 5 27 39 10 41 44 21 39 22
68
3 28 19 29 29 15 21 9 3 24 21 28 11 20 27 27 1 18 29 8 5 20 2 29 28 13 24 15 9 22 4 18 7 22 4 27 19 15 1 2 3 22 15 1 15 27 3 16 14 21 5 23 11 5 18 30 15 29 4 23 3 28 19 14 6 16 22 25
34
42 1 10 42 3 28 55 11 25 14 26 8 55 49 29 38 55 40 51 14 19 21 43 36 5 56 14 18 57 56 4 32 9 5
79
20 8 17 14 13 11 3 24 26 9 4 12 3 2 7 13 2 2 2 22 1 25 11 26 13 9 21 23 22 9 1 18 16 23 15 24 20 15 15 3 3 10 7 7 23 15 20 10 24 17 1 7 16 11 10 22 2 1 17 16 23 22 17 13 11 18 14 15 23 6 20 2 22 25 22 24 17 16 26
15
1 67 53 5 72 132 119 102 42 11 29 34 59 60 55
49
9 32 27 17 31 15 29 18 37 27 5 36 26 31 16 34 29 3 14 4 11 21 23 14 8 17 40 22 26 6 38 4 37 31 10 38 16 11 3 13 40 21 10 10 2 12 27 6 29
68
5 27 4 1 29 24 20 29 24 30 4 4 29 16 21 19 2 20 14 18 29 20 18 19 13 11 9 5 28 23 5 12 11 9 18 3 12 16 27 11 29 30 15 25 2 12 11 3 10 13 10 21 27 3 15 24 2 23 22 17 22 2 10 12 25 11 6 23
52
31 12 6 9 25 3 12 22 2 34 9 4 28 21 28 14 17 17 14 36 25 4 19 32 35 7 18 2 33 22 8 19 34 27 14 17 15 1 11 6 20 16 2 32 1 30 30 4 6 10 31 21
89
5 4 15 23 2 16 12 15 9 4 22 18 5 1 22 13 17 7 20 13 10 11 2 8 22 2 11 21 7 17 15 12 20 16 9 2 2 12 1 8 4 8 20 5 4 18 14 21 19 18 23 3 21 1 13 15 20 5 10 20 16 14 20 14 13 1 20 16 4 10 12 16 21 5 7 7 4 3 9 1 1 9 22 16 17 14 14 17 2
1
1572
18
14 2 110 84 107 48 45 18 22 36 54 72 55 48 28 32 21 85
3
163 553 429
69
15 9 11 10 7 19 19 3 19 15 6 28 4 15 13 27 29 28 7 20 27 20 25 2 25 7 5 26 7 5 25 10 8 15 12 4 16 15 11 17 6 28 29 26 15 1 3 15 9 24 17 9 14 12 8 11 2 26 16 12 16 7 24 22 2 25 26 27 7
68
12 29 4 5 5 10 18 13 20 14 14 20 25 3 5 12 17 18 22 28 8 3 3 6 21 8 23 20 17 25 19 12 21 27 9 3 13 4 29 10 17 11 30 10 5 26 13 6 17 10 8 21 21 25 25 14 18 29 17 24 17 19 9 24 4 30 10 10
66
15 12 28 5 25 19 18 24 12 8 24 13 10 22 28 14 16 14 27 21 24 30 22 26 30 26 15 23 29 5 21 9 20 29 8 6 1 21 4 26 12 29 14 2 4 2 14 26 29 27 16 19 11 2 17 24 21 27 3 3 13 25 9 31 20 2
18
102 49 17 18 33 52 3 61 96 63 5 68 49 14 22 5 97 29
57
26 33 16 21 30 17 31 25 15 20 27 26 30 26 9 3 16 12 14 8 23 29 19 17 35 23 24 18 26 15 24 12 7 29 34 19 10 31 27 3 5 20 30 9 34 17 35 14 11 6 9 10 28 29 17 1 25
88
14 13 19 1 22 3 16 4 12 16 14 20 23 16 12 23 20 15 18 1 14 2 20 14 14 5 10 5 9 1 9 1 17 2 11 17 14 15 4 16 4 16 22 9 9 4 12 21 4 12 5 7 17 4 14 8 6 3 8 2 19 18 2 15 11 14 9 9 5 23 2 8 18 19 16 16 9 20 12 13 13 1 14 2 6 17 6 22
63
7 9 2 12 11 7 11 24 11 12 9 19 27 26 6 25 25 20 28 19 27 22 10 14 24 4 6 20 25 26 23 3 2 12 2 31 15 25 11 1 24 28 7 28 29 2 3 3 6 31 10 27 17 22 29 4 15 11 28 25 3 23 14
92
4 11 9 10 9 13 11 4 11 15 19 13 10 13 18 13 13 2 21 6 21 10 19 19 7 16 9 9 8 14 19 10 15 15 20 18 7 18 12 3 8 15 19 10 7 6 19 9 13 13 10 2 4 2 6 1 17 6 4 14 18 16 5 16 21 13 2 13 11 13 22 15 2 17 13 13 14 1 6 21 19 9 4 3 17 12 5 10 21 5 2 14
88
21 11 21 11 5 19 4 2 5 7 15 22 13 1 5 20 5 18 2 23 18 23 14 21 21 20 23 5 15 12 13 5 6 11 20 5 2 2 23 9 7 11 23 1 18 22 23 16 21 18 12 10 16 21 16 11 19 3 17 18 12 17 1 4 6 10 6 23 16 16 1 15 11 16 6 16 16 20 11 5 22 2 5 23 17 4 9 3
67
27 15 13 2 2 25 16 13 16 10 10 17 26 21 4 22 3 11 23 14 10 19 2 28 9 1 11 5 3 12 5 18 1 9 30 30 23 27 29 23 26 19 25 16 22 11 3 12 15 9 24 18 27 22 9 26 6 21 14 8 11 15 8 8 4 7 6
82
10 24 6 19 25 19 8 17 12 17 13 12 19 15 16 12 3 22 13 15 1 24 1 2 2 7 1 5 5 18 6 4 14 24 6 14 6 23 1 24 17 6 22 3 2 3 21 17 21 7 5 7 20 15 2 18 14 6 21 18 18 24 10 17 19 6 2 23 23 21 7 20 12 24 7 3 21 1 10 8 13 7
78
21 3 16 11 21 21 1 25 8 21 18 10 10 12 24 22 15 7 17 13 15 19 11 3 11 10 23 13 25 21 7 17 20 23 10 10 25 1 24 4 23 12 6 20 7 16 14 14 9 16 21 17 4 16 19 16 23 18 16 26 26 3 5 23 16 4 19 4 17 20 1 13 12 11 10 22 7 4
70
28 10 20 13 6 12 6 4 27 21 4 11 13 23 9 22 2 24 12 18 20 23 22 14 15 24 12 20 13 11 18 1 25 2 22 14 23 8 1 6 14 21 20 9 23 20 22 8 6 29 7 5 19 15 17 21 4 27 27 1 22 22 10 20 20 2 20 29 8 21
41
41 11 11 46 22 12 30 26 30 37 13 10 35 14 44 14 17 10 25 2 6 41 13 8 4 23 32 30 1 16 24 25 42 8 46 41 8 28 4 43 44
5
9 273 42 347 266
11
43 53 16 101 67 95 141 4 9 34 53
55
3 37 19 12 15 5 14 19 29 23 35 3 7 31 30 32 32 3 16 23 6 34 11 35 20 5 14 32 34 14 19 31 19 29 24 4 2 33 2 6 19 15 32 9 14 19 30 6 8 29 10 5 37 25 7
75
13 16 14 12 6 17 3 1 2 19 8 20 24 9 10 11 22 2 20 14 3 24 6 18 23 7 1 11 2 16 13 2 22 10 4 23 26 8 8 14 4 16 13 27 27 16 27 16 4 22 26 19 26 9 11 19 10 20 17 1 1 6 4 5 10 9 21 14 7 18 13 23 14 9 27
40
38 29 2 34 39 20 47 14 23 29 27 3 21 20 10 7 7 21 14 31 44 18 33 26 23 4 27 15 22 11 41 44 14 11 4 27 26 14 11 25
25
76 6 32 37 10 69 6 70 70 52 45 47 74 48 50 26 68 4 15 59 25 55 29 24 12
53
38 31 26 27 17 27 14 18 38 10 6 20 6 25 23 12 24 3 11 2 26 34 19 7 12 5 22 20 25 21 33 6 24 21 23 25 24 33 25 9 18 13 11 11 24 9 31 4 37 23 36 19 30
76
3 3 9 13 22 23 17 18 1 1 18 10 1 11 13 22 4 7 26 22 19 3 19 19 10 3 25 12 26 5 11 18 24 5 12 12 4 18 23 6 26 23 6 1 16 3 24 13 23 4 24 4 4 5 2 19 16 4 13 7 15 15 10 6 17 9 26 20 24 26 13 6 6 23 3 10
9
159 157 201 215 2 139 9 97 69
94
1 8 19 1 21 13 4 9 17 14 10 9 5 15 5 17 17 2 3 21 21 2 2 9 18 7 8 13 21 4 3 7 13 4 11 18 9 8 2 8 20 17 5 7 21 21 5 19 13 13 1 20 7 1 9 14 1 7 6 14 9 1 8 3 1 4 20 16 9 13 22 11 7 6 1 8 6 21 5 5 7 8 7 12 15 19 2 18 10 11 5 20 2 6
64
30 14 6 2 12 22 19 24 31 13 27 15 12 31 3 18 10 22 24 18 22 2 3 5 19 29 27 25 6 28 24 14 23 1 8 21 8 14 6 22 9 25 12 27 29 9 13 19 13 3 27 17 9 16 15 24 27 29 6 2 23 7 29 5
42
12 30 48 23 21 29 23 37 14 25 33 23 1 33 22 21 15 48 40 25 2 45 3 27 16 10 47 19 20 46 7 21 47 29 32 2 34 36 8 13 21 23
66
4 15 21 12 14 17 18 4 5 3 26 4 4 20 2 5 29 17 8 29 7 19 8 8 6 22 3 4 1 21 3 27 3 8 24 29 9 4 26 20 25 10 21 13 21 25 1 28 20 29 10 19 22 23 10 9 22 9 4 12 6 27 3 13 24 4
41
6 19 45 36 48 30 11 36 43 14 46 40 4 18 38 45 1 44 20 42 18 6 33 6 4 22 43 10 22 8 34 31 14 37 38 33 5 30 33 45 1
68
29 20 10 1 2 10 26 3 15 24 7 16 28 4 12 4 12 5 12 9 7 9 14 20 17 28 12 4 30 1 19 7 3 27 10 15 11 17 20 20 12 4 30 13 13 20 19 5 8 7 21 12 12 28 6 16 26 10 28 7 8 27 23 29 13 2 3 12
28
34 17 6 44 62 71 47 61 31 48 37 17 55 59 56 24 28 39 62 64 49 6 69 41 71 26 14 50
73
21 5 15 9 4 2 19 24 19 26 23 26 26 15 19 16 14 20 15 16 3 12 26 24 26 20 24 14 12 5 21 2 23 12 16 20 8 4 25 20 11 6 2 21 22 19 12 3 23 3 27 14 20 26 14 27 7 13 7 23 25 15 10 23 17 13 9 17 11 6 5 23 11
4
129 384 105 327
80
15 21 5 4 2 21 13 17 17 1 23 10 13 14 1 9 7 15 2 19 14 5 10 9 18 7 3 16 6 1 3 7 9 19 25 14 15 21 21 19 18 14 14 7 18 10 3 13 2 10 12 13 18 5 8 13 4 1 15 12 21 21 3 7 8 22 11 21 20 12 18 12 13 22 17 18 24 1 21 9
98
13 4 15 1 21 6 13 8 9 8 19 12 7 5 14 13 6 13 21 2 3 4 11 8 21 3 16 15 7 6 2 14 3 14 5 11 13 13 15 10 10 3 2 18 15 18 1 19 7 13 16 11 18 12 9 9 12 3 5 17 2 15 10 3 11 12 17 4 5 8 6 2 2 8 3 4 3 10 5 15 5 8 9 2 9 8 11 17 11 19 6 16 7 12 12 7 13 6
86
18 11 18 7 2 21 22 4 13 22 3 9 15 3 22 22 5 11 16 22 17 15 22 6 2 22 8 16 22 10 16 16 2 12 11 23 13 7 1 2 5 14 15 19 4 15 17 13 6 1 11 22 13 19 15 8 12 11 21 23 22 6 20 14 16 1 19 6 22 6 8 12 15 13 13 1 22 9 12 3 19 16 13 14 13 9
100
7 19 10 19 7 9 3 18 2 20 17 1 19 17 1 6 16 5 14 19 20 15 14 11 4 19 2 4 20 1 18 16 11 6 20 9 15 16 2 18 2 8 13 3 15 12 1 17 17 11 17 4 18 8 4 3 4 4 4 17 16 10 17 8 8 16 19 4 13 20 2 20 20 15 16 10 15 10 14 17 16 5 5 13 7 17 15 9 9 3 19 2 2 14 1 3 11 14 13 14
99
17 14 17 18 9 16 4 12 21 14 2 7 19 3 5 5 18 2 10 7 6 13 7 7 14 7 14 1 5 4 3 6 16 18 10 8 16 4 12 9 1 15 6 15 21 4 19 5 19 13 1 5 20 14 16 13 3 3 17 6 2 9 20 1 19 18 15 6 11 1 1 8 13 8 17 9 9 16 7 9 17 1 17 9 12 18 10 4 20 13 14 9 7 11 4 4 17 5 9
85
16 12 15 2 9 13 21 21 19 12 23 20 13 8 20 12 17 17 2 1 5 19 6 7 22 10 13 20 12 8 24 3 15 10 18 12 7 9 8 15 3 18 7 19 18 20 22 10 6 3 12 23 21 11 24 24 18 23 5 8 4 3 19 6 17 9 10 6 12 12 22 12 20 3 19 7 1 1 5 2 3 15 4 19 14
57
29 5 23 15 6 33 17 20 35 14 30 20 35 14 11 4 17 7 31 35 16 3 14 21 17 19 22 4 2 1 13 13 18 4 26 17 31 3 12 18 24 32 15 33 24 3 8 4 24 13 13 16 7 14 22 28 16
33
28 31 22 7 14 41 18 42 53 24 60 10 58 49 7 5 35 20 9 42 18 7 22 24 19 6 1 38 22 23 7 45 40
99
20 20 6 17 10 10 18 6 12 10 7 19 7 12 3 12 18 18 2 15 9 1 16 18 6 7 4 4 14 19 3 19 19 1 10 8 15 5 9 3 3 11 16 9 10 10 21 13 7 10 11 6 10 18 11 17 8 3 7 12 20 15 10 4 15 6 19 4 17 15 17 13 13 18 1 15 10 4 16 17 7 7 12 19 12 7 18 16 1 7 15 16 15 12 6 3 12 20 17
37
54 34 41 28 36 47 53 48 5 46 34 27 23 12 30 27 35 51 48 5 25 13 26 53 45 21 33 52 19 35 11 27 26 34 50 47 48
51
29 22 9 38 28 37 9 9 7 29 7 37 10 31 8 33 36 30 23 2 10 13 18 8 9 38 38 22 31 9 31 37 5 37 23 18 3 19 27 32 11 32 7 26 24 2 35 6 11 11 18
89
13 3 7 10 11 7 18 3 2 5 10 22 20 15 16 5 1 20 5 23 3 22 3 7 14 3 16 20 21 19 2 18 6 2 18 18 15 11 1 16 19 9 2 4 19 7 22 18 19 19 10 8 7 19 10 9 2 3 14 19 15 8 10 21 12 9 1 14 1 8 6 9 18 4 6 4 11 21 19 2 20 9 1 17 17 3 2 6 13
80
1 7 18 19 4 2 10 1 23 19 5 6 23 10 15 24 1 22 10 12 1 13 10 11 17 9 3 9 19 21 7 25 16 8 23 15 25 13 17 7 15 9 13 16 25 7 5 14 5 19 21 3 4 22 13 21 22 20 14 10 15 17 1 11 5 9 3 4 8 12 14 21 24 5 3 24 6 21 10 7
43
30 14 12 2 12 7 34 18 6 28 35 18 23 3 43 34 16 5 33 29 41 38 30 29 33 12 41 5 36 22 3 26 41 13 33 23 43 3 1 18 46 12 44
99
9 3 2 13 19 14 1 16 6 13 12 10 6 13 9 5 4 17 11 16 17 12 20 20 9 20 19 10 9 4 11 12 11 7 17 10 8 8 15 15 18 18 21 19 6 19 12 4 18 6 15 6 5 15 20 16 4 1 9 1 18 9 11 7 10 18 8 6 9 3 14 2 2 14 16 6 21 3 9 4 11 12 2 13 16 13 4 21 18 1 17 4 10 2 12 20 1 8 6
48
38 16 22 19 15 29 41 29 3 6 2 14 12 14 19 12 6 1 28 39 24 9 12 29 21 15 20 7 2 26 5 20 16 13 19 7 22 14 13 8 10 20 36 9 34 22 42 36
35
4 34 34 40 22 27 27 50 58 8 45 56 11 29 13 38 51 4 16 11 47 52 37 4 54 41 6 10 32 21 15 23 1 52 48
92
21 16 8 9 5 5 2 6 8 16 3 18 4 11 1 8 12 12 3 5 15 15 14 9 17 8 22 13 7 14 12 3 12 14 21 3 2 18 5 9 4 12 2 20 12 20 21 3 17 2 16 9 4 3 15 21 3 19 3 17 1 20 5 20 21 18 2 17 3 12 9 4 15 20 22 16 13 20 14 10 3 1 19 10 15 13 16 19 7 18 4 11
18
26 72 18 12 12 14 34 83 39 55 49 36 3 84 40 82 85 50
10
92 77 111 126 24 112 70 139 114 163
19
85 103 67 35 74 70 96 8 5 88 49 21 18 52 3 28 74 50 60
30
35 24 10 1 14 49 39 40 19 39 15 22 1 43 61 1 11 59 5 16 54 41 66 28 5 27 18 58 11 58
64
20 9 28 5 6 31 14 30 10 12 16 9 15 13 2 27 29 21 22 28 19 20 5 20 25 31 23 25 5 1 28 15 9 10 17 8 11 24 25 25 13 17 15 32 23 17 2 2 19 11 2 20 4 17 14 8 1 15 22 20 16 5 19 28
15
3 120 75 108 94 19 126 116 64 86 25 78 45 111 73
82
18 21 9 12 19 7 5 17 14 5 21 8 18 9 9 23 3 12 22 11 12 13 4 5 7 19 3 22 16 25 3 19 23 23 20 10 16 9 5 13 18 4 5 1 22 19 12 4 25 13 9 20 21 17 15 12 1 14 22 19 22 19 15 20 3 2 24 7 13 13 19 15 22 5 7 17 14 24 11 7 1 1
64
9 19 28 18 21 5 22 31 30 12 6 23 13 29 26 15 5 19 9 16 22 8 22 19 27 11 25 14 5 6 12 30 9 18 15 12 7 9 8 20 24 24 7 18 1 20 12 22 29 13 5 31 6 3 8 15 10 9 24 15 16 22 21 27
22
53 40 6 74 24 8 23 70 26 49 53 33 3 9 37 54 35 21 69 87 43 54
43
32 33 39 34 13 43 4 41 9 2 20 43 43 38 14 28 20 1 21 41 21 39 41 16 23 16 6 15 8 39 39 25 20 28 29 12 44 45 46 23 25 16 13
1
777
55
18 25 37 15 12 12 28 26 28 11 3 9 16 8 22 34 19 11 8 19 20 33 31 33 8 4 32 32 35 20 9 22 35 4 36 8 25 31 24 13 5 20 29 21 21 7 22 11 36 28 32 3 1 33 23
59
8 16 30 6 10 17 33 26 3 10 12 26 33 6 2 15 18 34 7 31 16 12 4 29 28 22 3 9 15 13 25 8 15 32 15 1 20 31 20 34 33 9 27 14 25 27 30 30 31 17 32 19 1 24 30 26 34 14 12
51
33 22 18 36 27 6 12 29 23 7 3 6 29 33 32 5 5 36 10 4 31 36 16 4 19 11 9 7 31 5 15 7 15 15 10 39 14 7 8 32 32 17 9 8 9 36 21 22 40 22 4
65
1 16 12 24 4 3 8 19 1 7 25 25 18 29 29 12 8 17 6 29 17 9 22 8 26 13 10 30 2 18 30 16 13 11 31 15 11 6 8 11 12 19 8 13 26 17 9 21 31 11 4 13 9 17 7 27 12 13 3 22 6 3 21 1 4
67
10 28 28 9 24 24 26 8 25 28 13 5 20 1 19 28 20 15 16 10 15 5 14 2 27 28 26 19 4 22 30 23 1 23 29 27 28 11 29 27 24 12 15 28 20 12 27 1 22 17 21 10 23 10 21 26 14 13 30 30 17 7 16 7 20 16 18
37
45 45 46 43 3 2 32 12 33 25 49 1 4 31 8 44 16 47 32 27 17 22 30 7 39 4 44 27 27 42 42 5 13 18 23 29 35
22
56 55 35 54 36 71 38 33 58 40 88 46 53 89 48 46 61 18 52 81 26 21
31
57 33 8 43 64 57 37 52 24 39 38 56 45 15 11 17 33 18 22 48 42 22 17 40 11 43 33 39 37 4 47
92
19 20 21 16 15 18 18 14 9 11 6 18 6 15 21 16 16 20 1 9 5 12 16 14 17 3 18 14 2 5 11 5 18 22 12 2 6 21 10 2 10 19 4 1 21 16 22 7 1 19 16 15 1 3 2 3 11 22 17 20 14 12 22 17 19 22 22 9 5 4 6 13 8 2 3 11 12 4 7 4 15 12 8 10 19 13 13 14 4 20 8 12
57
12 16 17 5 9 11 35 12 12 21 24 32 5 23 15 12 17 22 20 31 17 14 23 14 12 16 24 20 14 27 25 1 18 35 24 28 26 7 6 1 22 19 8 33 21 8 7 5 19 20 5 34 6 9 15 33 25
93
12 12 15 18 10 2 21 6 9 14 3 4 18 14 13 2 5 2 9 2 7 7 8 6 12 17 13 2 10 2 20 22 14 11 5 14 21 14 6 7 2 21 22 12 11 11 8 20 3 19 15 15 1 13 12 3 11 4 16 14 6 2 7 14 5 11 19 3 21 20 21 8 19 7 10 2 8 2 14 17 4 19 13 4 7 1 21 19 22 12 18 22 22
25
39 24 66 67 38 47 25 54 34 9 33 68 13 76 69 38 37 64 80 40 22 65 2 68 67
85
17 22 9 2 12 5 14 14 6 16 10 15 14 16 24 9 14 19 10 9 8 13 9 3 6 19 2 6 19 5 7 3 24 18 20 11 6 17 14 19 19 1 9 21 5 17 3 22 21 14 12 13 5 18 5 23 16 17 23 3 20 10 9 22 22 14 10 21 22 15 8 3 13 21 1 22 4 12 13 7 16 18 21 18 8
23
66 72 41 8 11 82 74 60 34 37 6 67 60 51 21 9 8 60 45 8 37 34 69
35
3 32 39 42 54 19 12 44 47 50 39 41 27 34 35 22 48 27 57 12 32 40 56 35 10 5 19 51 33 45 27 46 49 43 42
100
13 8 20 11 3 17 18 14 12 15 1 5 13 13 2 15 18 13 19 6 5 3 16 1 9 5 2 2 17 20 1 1 1 15 8 7 3 10 14 5 15 3 6 4 1 18 16 16 13 3 19 9 15 19 5 2 7 14 11 8 5 7 14 12 18 6 8 9 15 7 17 14 16 17 3 3 7 10 19 9 1 4 9 19 18 5 12 18 5 5 1 4 10 10 7 6 7 18 11 8
63
22 23 4 4 12 9 3 15 32 8 10 6 17 15 8 23 25 3 19 19 30 2 6 4 13 21 10 6 15 22 17 27 32 6 29 6 13 30 32 26 32 23 25 5 21 6 9 6 3 32 1 26 11 12 12 23 10 31 27 1 19 4 22
31
44 61 60 18 4 31 2 39 41 60 57 16 47 6 29 42 8 12 27 53 1 57 2 55 16 28 16 44 36 20 43
16
61 102 89 106 25 37 125 92 117 7 47 73 29 40 42 102
14
100 42 52 19 81 85 33 126 108 61 89 85 62 68
92
13 7 16 14 14 10 6 4 20 18 7 10 5 10 15 13 8 12 14 8 2 5 21 12 20 2 6 7 10 20 21 8 4 17 16 9 15 10 10 2 7 21 16 16 11 2 12 13 20 21 8 21 4 16 21 13 12 18 6 11 3 21 4 4 5 6 17 16 21 21 13 6 20 21 22 20 16 13 2 17 18 12 8 13 19 1 6 11 18 17 17 15
37
8 22 37 31 32 49 22 24 33 33 33 39 13 11 36 32 10 50 14 43 44 46 35 46 12 7 31 51 4 54 11 18 37 44 20 37 46
17
13 22 31 68 2 100 41 4 11 20 83 30 28 114 59 115 15
35
12 34 17 13 51 16 14 26 49 23 38 40 54 21 3 13 45 12 28 38 44 43 5 36 13 7 25 26 7 42 38 7 42 7 32
21
3 83 48 19 65 13 47 81 14 28 79 80 16 89 89 55 20 14 46 71 6
51
18 28 5 16 25 5 21 20 10 14 31 26 33 20 12 36 24 15 38 7 7 13 7 20 5 2 14 5 32 21 34 27 23 5 33 2 32 13 26 24 30 25 32 26 36 14 21 38 21 27 21
36
48 42 21 54 53 54 18 48 22 17 3 56 43 18 9 21 5 11 30 29 8 35 19 4 36 48 54 49 27 11 49 7 34 34 10 7
8
132 215 126 100 195 89 183 100
25
6 35 54 43 40 59 46 10 15 70 72 66 4 68 60 74 40 39 36 14 74 13 16 42 11
39
1 12 52 43 11 38 31 12 45 36 6 27 25 25 29 30 27 50 10 35 31 37 13 20 45 10 35 13 10 1 18 19 40 52 27 37 50 47 39
83
7 15 9 23 3 18 23 21 12 15 16 2 24 9 5 15 17 14 3 21 19 23 7 2 17 22 14 12 22 1 7 21 6 21 5 16 18 4 21 3 22 16 11 9 18 20 10 9 9 1 8 19 16 7 10 3 22 22 18 1 20 3 12 8 12 4 1 22 14 22 17 9 15 17 4 13 5 10 2 22 6 14 13
3
218 334 202
51
8 28 13 18 20 16 24 31 3 1 37 34 18 5 23 26 29 11 14 26 37 2 12 15 25 25 24 27 25 16 21 12 24 7 18 10 3 28 14 27 32 10 33 10 4 33 11 22 11 18 25
51
17 37 20 17 26 28 6 18 6 36 21 31 13 33 17 15 22 36 28 36 7 27 19 29 28 38 26 22 10 30 30 15 28 10 4 31 31 19 26 2 36 4 28 1 35 37 3 25 20 2 5
41
28 15 3 10 8 37 5 42 37 43 16 37 24 29 38 27 27 3 10 19 38 2 38 29 15 5 7 8 5 3 13 13 33 28 12 45 15 36 42 6 34
1
916
7
180 144 251 22 6 126 91
54
19 11 31 10 32 12 7 21 31 10 13 17 8 19 23 21 30 2 13 9 10 21 35 9 37 37 3 37 33 4 31 34 11 3 6 27 33 37 33 30 7 22 13 21 37 17 28 18 26 2 34 17 37 2
49
15 4 38 40 32 13 34 39 10 7 29 24 8 10 8 14 21 19 32 38 35 3 10 31 31 39 15 26 14 22 29 8 8 22 15 3 30 1 6 2 31 26 28 18 29 26 23 39 32
78
25 18 2 19 21 23 5 21 23 26 6 7 8 19 7 18 8 2 24 2 4 19 15 24 9 9 10 23 4 1 25 14 5 21 8 25 11 6 17 1 10 19 7 4 11 3 24 18 13 25 25 18 10 9 15 7 13 25 1 14 25 9 4 3 3 12 14 6 10 22 17 4 3 20 25 18 1 13
17
80 101 23 107 69 102 114 97 23 118 103 91 70 50 107 73 10
