71
10
64 167 12 18 111 122 84 49 64 99
84
10 13 12 9 11 4 23 11 22 8 1 14 15 24 13 6 1 4 15 9 17 24 24 22 15 4 14 11 22 18 9 4 19 13 19 7 11 3 18 1 19 17 16 18 5 4 5 8 7 15 11 20 15 5 20 5 9 7 7 24 14 19 4 23 3 14 13 10 7 6 22 4 24 22 20 2 20 18 4 8 13 4 8 3
51
9 32 13 24 9 22 36 18 16 36 30 18 27 28 3 20 17 12 13 16 36 19 11 17 32 2 3 26 10 34 31 14 35 14 15 27 18 1 16 33 17 35 25 33 25 26 23 34 23 16 29
48
16 12 19 24 20 12 1 39 41 4 8 41 4 39 21 29 24 20 31 19 29 1 23 8 11 18 28 20 4 16 20 6 31 32 4 9 36 35 29 9 37 27 27 9 28 17 28 33
79
8 13 8 6 25 10 6 3 15 22 6 21 10 18 18 11 25 5 16 6 16 24 14 24 2 20 9 9 20 5 6 22 23 20 23 18 26 17 7 9 8 15 8 13 2 14 8 8 21 11 1 24 8 15 10 21 7 3 18 14 9 1 12 12 12 6 1 5 6 9 26 11 20 5 6 20 6 8 18
86
11 5 22 10 10 4 9 14 21 11 3 11 7 23 2 15 10 21 20 13 18 14 5 22 14 19 10 2 11 18 12 5 22 21 8 11 11 21 19 14 14 20 11 2 5 2 10 12 12 15 15 9 1 4 15 10 21 12 15 9 14 23 11 20 24 6 16 6 9 22 5 5 9 23 20 16 11 11 4 8 16 10 9 8 8 15
76
5 18 17 11 8 12 1 26 7 23 11 25 15 27 15 3 20 16 11 7 4 13 9 12 18 20 12 5 25 22 18 20 15 5 10 5 3 26 21 17 11 1 21 5 11 4 3 1 25 5 13 21 19 10 17 2 4 16 10 2 7 23 4 23 7 3 25 13 3 4 8 18 6 7 9 5
61
18 30 21 22 13 5 14 17 13 9 32 28 29 16 2 18 1 12 22 2 11 32 32 31 12 8 15 32 26 30 8 25 7 26 27 4 2 15 21 3 27 12 24 5 26 13 13 32 9 5 18 1 29 17 31 6 10 33 3 17 16
38
30 7 51 53 13 19 12 53 1 25 9 9 51 11 37 9 37 13 38 22 14 24 7 7 46 29 43 32 17 52 3 28 44 51 28 12 33 43
12
54 144 29 158 165 35 56 165 151 93 145 155
71
18 19 17 7 1 1 26 26 6 16 10 21 2 13 23 26 17 11 25 26 16 22 17 20 20 14 15 24 20 27 3 25 3 6 28 27 10 17 24 17 13 4 6 24 5 19 12 21 18 8 3 5 27 8 6 25 24 24 20 2 25 22 17 9 18 25 11 17 8 2 22
65
18 26 9 11 27 24 21 3 13 21 22 29 10 3 29 19 7 15 15 6 12 6 6 9 11 1 5 23 20 25 14 15 24 11 5 15 18 30 30 29 15 1 12 22 12 21 12 26 20 14 1 22 30 7 31 17 2 1 6 31 4 7 19 18 20
15
75 21 19 12 5 61 13 99 129 75 95 27 44 124 38
78
15 6 22 15 21 25 18 22 22 3 14 25 3 1 15 14 13 2 15 22 24 25 9 19 8 7 18 1 10 15 25 24 12 5 16 1 21 13 22 23 14 19 9 21 20 12 4 7 15 6 9 9 25 10 21 13 16 5 9 7 10 25 6 21 7 9 3 2 14 23 12 18 7 16 26 11 23 8
61
8 21 8 7 14 11 32 32 5 16 14 22 10 30 23 30 31 22 11 21 19 20 32 32 31 3 25 4 21 9 28 5 25 28 30 28 18 14 24 30 17 7 16 30 13 1 8 11 21 5 16 7 33 8 9 12 25 2 19 27 6
14
32 83 58 47 66 95 125 9 7 42 87 102 104 47
48
37 22 28 6 39 1 24 37 4 5 6 39 7 2 8 39 35 37 18 29 10 25 22 9 11 13 35 35 33 21 14 4 18 1 4 3 5 21 32 15 16 38 39 25 25 3 41 40
91
15 1 6 6 4 7 10 1 18 22 19 9 11 16 19 1 22 5 22 16 19 10 4 18 17 10 5 8 19 5 22 6 20 1 14 12 9 6 14 12 6 5 19 4 6 2 22 16 1 22 9 18 12 4 13 12 3 9 20 12 14 2 2 6 7 14 5 18 20 22 1 19 1 8 20 4 3 16 14 9 15 4 7 3 17 9 6 15 7 16 11
41
45 1 49 35 48 24 24 23 41 29 27 38 18 14 7 7 19 26 13 38 9 41 39 38 22 27 29 4 12 12 37 2 30 31 45 46 38 20 39 3 24
64
9 3 5 9 12 4 21 16 29 21 31 23 19 23 23 18 11 20 20 1 1 15 10 22 14 13 30 15 18 19 32 26 30 22 1 6 16 31 4 10 21 27 22 24 30 17 9 2 16 7 8 11 29 30 19 7 4 3 27 2 19 3 19 8
71
4 16 26 5 8 22 17 6 8 13 18 17 2 22 19 9 6 24 27 25 18 11 29 16 4 3 9 27 20 8 2 18 25 23 22 12 8 28 13 26 2 25 19 13 5 9 18 14 21 7 20 6 3 26 22 13 24 12 22 2 13 20 28 4 25 14 1 8 11 19 22
36
50 40 53 27 4 39 19 52 23 8 37 3 47 43 54 4 18 52 49 26 17 14 33 8 41 3 27 3 37 17 30 34 24 50 22 53
20
99 64 79 4 89 6 38 78 88 99 68 79 91 85 38 46 4 24 57 94
8
4 144 55 119 145 128 247 36
51
32 37 4 4 35 12 22 2 31 31 11 23 31 23 13 37 28 6 24 29 3 15 25 8 39 32 5 3 24 28 7 11 16 14 30 28 9 31 21 37 11 16 4 36 36 21 30 17 6 25 32
66
23 23 11 24 9 10 4 19 16 26 18 24 20 9 5 26 21 23 12 11 16 24 11 10 3 4 25 18 11 17 8 18 24 18 10 16 5 23 11 21 10 2 15 2 13 4 6 28 4 5 12 22 24 30 20 25 19 19 22 13 20 10 17 16 22 3
1
823
36
20 10 34 18 53 34 18 48 6 22 17 14 50 42 51 38 51 52 30 11 27 18 1 36 15 31 39 1 8 20 36 7 6 1 44 9
48
24 14 24 1 18 30 37 25 30 36 17 41 18 5 32 3 25 5 39 31 16 33 24 32 6 33 20 39 40 17 32 19 2 12 17 19 20 16 2 25 29 27 6 10 22 15 35 31
21
6 42 20 87 33 8 52 18 46 91 28 56 45 61 26 45 90 52 64 42 15
74
6 22 27 21 20 4 5 15 4 10 5 6 25 1 14 16 16 21 4 24 11 24 27 13 1 12 18 4 6 24 8 10 11 13 4 10 14 5 9 7 27 8 24 17 13 10 13 27 4 19 15 15 2 27 9 17 2 6 6 16 4 25 11 12 1 6 4 7 7 1 11 27 6 23
31
11 47 19 30 63 28 10 59 15 2 7 50 22 30 57 43 60 50 26 20 47 29 62 30 3 47 5 57 46 53 4
77
18 15 2 19 23 13 6 25 6 1 20 13 13 14 13 17 11 7 1 7 15 24 21 24 14 2 8 19 3 4 13 14 21 10 12 20 2 10 17 1 6 20 5 14 15 8 13 5 10 5 23 21 18 20 4 8 5 20 16 21 14 19 17 25 1 22 18 21 18 10 15 19 12 26 23 1 13
46
32 12 5 27 27 29 19 42 19 25 5 5 25 38 44 2 42 16 36 6 7 39 21 36 21 20 3 40 27 1 39 36 6 32 19 7 2 32 8 40 13 12 23 13 31 32
15
63 59 122 28 22 82 84 78 7 72 116 66 129 48 4
29
27 11 65 21 50 36 61 4 10 12 5 45 61 27 10 43 63 25 42 43 10 30 60 44 64 23 64 18 39
61
21 33 17 27 3 7 4 13 32 22 31 24 18 18 28 13 3 12 31 16 12 20 16 15 4 30 10 21 14 17 28 26 20 25 25 12 6 28 25 19 7 22 29 22 9 11 29 18 5 3 11 13 19 15 4 28 3 9 12 29 25
53
29 37 38 17 34 38 17 21 20 24 33 11 8 10 32 29 24 32 25 32 34 37 2 7 16 35 6 16 5 24 11 27 6 30 33 23 22 16 35 29 4 32 19 26 27 20 12 29 38 4 2 34 9
46
9 41 43 15 19 37 12 27 20 15 41 6 1 3 2 10 5 2 43 43 23 42 20 18 41 18 14 43 15 3 11 33 12 12 38 1 23 6 14 1 24 41 27 10 9 35
51
4 8 35 25 19 29 11 29 10 19 39 27 3 16 12 27 24 27 28 21 29 8 26 14 5 22 8 30 7 26 2 18 25 20 13 28 17 13 3 13 10 1 10 5 14 18 23 39 31 26 38
48
42 37 14 30 36 41 14 12 10 37 5 27 17 3 17 8 4 9 17 39 37 34 42 7 25 13 37 41 16 7 17 37 37 8 10 24 14 10 38 41 35 27 26 14 14 37 21 36
65
20 25 30 15 23 23 4 31 12 28 23 11 3 1 28 2 6 30 9 17 26 20 15 5 13 6 15 24 25 6 1 20 6 20 2 30 10 2 31 5 21 6 26 21 30 12 26 15 3 19 10 25 10 27 10 12 20 24 22 18 17 13 4 13 25
65
21 7 22 14 22 9 4 4 16 25 29 5 13 27 21 17 15 1 27 6 5 20 17 13 6 29 3 14 9 7 1 22 17 19 6 28 11 3 3 1 6 17 2 24 14 13 26 8 28 11 12 2 20 3 22 7 9 28 11 22 3 28 20 14 16
88
21 12 20 2 13 20 22 13 10 6 22 19 17 6 3 7 23 19 3 23 13 17 9 9 7 13 16 18 13 6 16 18 11 3 11 9 6 13 4 7 14 21 23 13 5 10 5 9 19 20 9 2 9 7 23 13 6 17 10 4 11 5 13 18 7 5 13 17 19 13 21 13 1 20 16 19 19 8 2 3 1 23 15 1 15 20 8 12
94
20 5 16 5 14 20 13 3 1 6 3 4 16 4 3 11 10 18 8 14 5 6 15 1 7 13 21 15 19 13 3 15 3 21 1 3 15 4 10 7 2 4 6 12 10 14 14 18 19 15 2 8 4 7 5 17 14 7 19 1 13 9 1 16 17 9 20 16 16 13 7 9 14 16 10 12 10 21 18 10 7 3 22 13 13 18 8 16 15 19 2 9 4 18
21
11 68 94 39 75 71 26 36 86 46 79 63 81 5 53 35 56 77 85 62 89
56
13 34 11 34 5 22 5 30 9 13 3 12 4 32 19 21 4 4 5 15 30 35 10 24 7 18 35 30 11 7 34 8 2 14 27 20 22 27 30 4 13 22 15 25 4 4 11 28 17 19 11 28 35 15 16 5
36
30 11 18 5 4 38 20 55 7 11 55 23 42 27 14 15 46 44 26 52 14 29 16 42 20 54 8 39 31 30 17 19 20 14 6 1
6
230 104 257 89 168 278
11
76 92 43 37 1 24 155 110 57 61 136
44
38 30 45 12 44 10 26 15 46 32 7 39 14 45 34 45 43 43 28 35 17 24 26 23 17 32 13 44 32 25 33 11 18 33 6 24 41 9 7 36 26 5 24 44
22
6 78 25 82 45 66 7 34 20 35 70 5 26 28 39 88 8 36 69 7 81 31
41
38 39 30 17 49 43 37 22 43 27 25 34 5 8 4 17 47 14 20 11 23 9 46 33 3 16 29 37 30 2 14 25 41 34 18 14 34 39 44 32 43
55
36 13 33 12 23 10 11 21 34 32 15 23 20 12 13 29 32 12 7 2 15 28 13 10 2 23 35 7 32 20 20 5 12 23 25 2 34 34 24 1 21 35 16 6 7 11 18 5 29 20 26 27 11 36 16
19
34 64 60 18 6 96 19 13 8 100 91 90 19 5 70 102 59 98 96
23
72 46 51 78 32 23 72 4 4 52 18 39 30 82 56 56 20 73 62 10 6 15 9
64
3 17 3 27 24 17 30 2 5 4 2 7 29 6 14 31 9 29 3 16 16 25 2 23 15 26 30 18 15 3 6 27 1 1 27 26 22 1 10 4 21 11 28 1 6 31 29 32 30 25 17 27 20 30 16 20 26 3 28 21 9 31 29 5
27
17 29 10 40 69 49 68 13 73 42 13 6 54 9 48 51 16 33 52 46 11 23 44 36 1 39 42
62
31 10 22 19 16 5 14 17 20 16 18 31 32 21 32 29 15 19 13 30 20 9 5 12 26 8 6 30 4 17 4 22 16 32 30 18 29 16 31 5 7 19 3 11 29 13 16 22 24 27 23 22 33 26 23 18 7 32 9 25 9 3
36
23 15 3 45 53 45 27 8 47 50 22 13 53 34 13 38 31 53 38 42 29 43 38 3 16 1 31 19 5 23 32 32 32 3 56 21
44
41 40 33 37 8 31 22 29 9 35 30 32 44 21 32 9 37 34 28 24 8 10 29 24 44 35 17 39 34 25 23 13 31 15 37 24 38 21 33 28 39 25 36 12
75
24 3 3 19 9 26 15 25 27 13 16 2 14 2 21 15 22 6 9 9 13 8 22 13 16 12 10 7 14 14 22 16 3 14 3 15 25 16 17 23 21 17 4 22 25 16 4 12 12 12 21 3 22 6 10 23 25 2 11 2 11 6 19 16 19 20 10 9 10 5 13 18 5 12 15
65
18 20 16 10 24 2 1 10 22 11 6 1 8 5 26 7 13 3 22 26 2 13 20 22 31 22 2 2 2 22 7 16 13 16 28 22 29 7 20 26 8 4 15 4 22 17 22 1 3 28 10 10 31 25 17 13 30 28 7 2 15 21 7 17 4
30
33 28 31 67 21 21 7 37 60 32 67 55 25 30 53 11 49 57 46 39 46 13 12 65 18 34 59 4 46 14
76
8 17 19 14 12 13 22 20 4 18 3 3 4 22 1 9 12 16 19 15 20 3 3 18 9 10 6 21 20 4 2 20 8 5 10 26 23 17 3 18 2 12 7 14 13 14 22 6 7 6 14 20 18 10 4 27 9 24 20 25 13 12 19 22 2 22 8 6 4 9 17 23 6 12 26 21
25
51 24 41 14 76 66 8 50 38 66 39 74 45 51 1 29 37 3 24 51 53 74 27 55 54
55
17 36 24 32 31 32 30 12 10 25 26 4 15 7 2 33 30 7 32 5 27 16 35 19 25 23 10 16 5 23 35 32 27 34 18 20 9 10 3 3 12 17 22 9 33 20 1 2 17 2 13 22 19 8 30
60
11 33 22 24 6 29 12 23 22 19 13 29 17 31 24 11 17 17 9 29 23 13 14 4 1 8 13 18 22 28 33 9 15 15 24 25 9 10 18 14 21 5 3 27 6 18 13 10 10 13 10 28 20 24 21 25 28 10 2 10
81
13 11 7 9 12 22 2 21 5 20 24 8 13 7 17 12 15 7 23 6 11 7 1 4 2 14 15 20 15 19 14 19 1 19 8 9 17 14 6 18 16 12 21 19 13 2 12 25 18 12 21 7 6 15 12 16 6 6 3 9 21 25 6 14 12 5 23 13 3 25 24 8 14 5 3 13 18 19 16 12 12
23
43 45 25 3 35 5 65 43 84 18 19 60 61 80 20 23 65 24 1 79 6 85 76
38
24 9 36 23 32 2 39 44 1 50 23 29 48 16 38 8 10 27 37 39 52 51 8 22 37 18 11 21 16 5 3 4 22 17 39 7 18 20
