41
161
12 12 2 5 6 2 8 4 13 1 12 1 11 8 3 5 6 10 2 8 1 5 4 7 13 9 12 6 8 2 6 12 5 9 5 11 2 4 5 8 12 5 10 4 9 2 9 3 11 7 8 11 6 9 7 7 9 13 9 6 11 7 1 8 1 3 4 3 12 11 5 8 1 2 5 5 2 7 10 6 4 7 7 8 10 11 10 13 7 2 1 5 6 2 12 10 9 4 9 1 3 11 9 7 5 2 12 1 8 2 2 5 1 9 13 6 11 2 11 11 3 8 9 5 6 6 5 11 10 8 12 12 1 11 8 4 3 2 12 8 3 11 4 3 11 7 1 3 11 10 2 4 3 1 3 3 7 12 11 5 1
952
2 2 2 2 1 1 2 2 1 1 3 2 1 2 1 2 2 3 1 1 1 1 1 2 1 1 2 1 2 2 1 2 1 1 1 1 2 2 1 2 2 1 1 2 1 1 2 2 2 2 2 1 2 2 2 1 2 1 1 1 1 1 1 1 2 2 2 1 1 1 2 1 2 1 1 1 2 2 2 1 1 2 1 2 2 2 2 2 2 3 1 1 2 1 2 1 1 2 1 2 2 1 2 2 1 1 2 2 2 2 1 1 1 2 1 2 2 1 2 2 1 1 1 2 1 1 2 1 1 2 2 2 2 2 1 2 1 1 2 1 2 1 1 1 2 2 2 1 1 1 2 1 3 2 2 1 2 3 1 1 1 2 2 2 1 1 2 2 2 1 1 2 1 1 1 1 2 1 2 1 1 1 1 1 2 2 2 1 1 2 1 1 1 2 2 1 2 2 2 2 1 2 3 1 1 2 1 1 1 2 2 1 1 1 2 2 3 2 2 2 1 1 3 1 1 1 2 2 2 2 1 1 2 2 2 1 2 3 1 1 1 1 2 1 1 1 2 2 1 2 2 1 2 2 2 2 1 2 2 2 3 2 1 1 1 2 1 2 2 2 2 3 1 2 1 2 1 2 1 2 1 1 1 1 2 2 1 1 2 2 1 2 2 2 1 2 2 1 1 1 2 3 1 1 1 1 1 2 2 2 1 1 1 1 2 3 1 2 2 2 2 1 1 2 2 2 2 1 1 1 3 2 1 1 1 2 2 2 2 2 1 2 1 2 1 1 1 1 1 1 2 2 1 1 1 2 2 2 2 2 1 1 2 2 1 2 2 1 2 1 1 1 2 2 2 2 2 2 1 3 1 2 2 2 2 1 1 2 2 2 2 1 1 2 2 1 1 1 1 2 1 2 2 1 2 2 1 2 2 1 1 2 2 1 1 1 1 2 1 1 1 2 1 2 1 1 1 2 1 2 2 1 1 1 1 2 1 1 2 1 2 1 2 1 2 2 2 1 2 1 2 2 1 2 2 1 1 2 2 2 2 3 2 1 1 1 2 2 1 1 2 2 1 2 1 1 2 1 2 1 2 2 3 1 2 2 2 2 1 1 1 1 1 1 1 2 1 1 1 2 2 1 1 1 1 3 2 1 2 1 1 1 1 1 2 2 2 2 1 1 2 2 1 1 1 1 1 2 2 2 1 2 1 2 2 2 2 1 1 2 1 2 2 2 2 2 1 2 1 2 1 2 2 1 2 1 2 1 2 2 2 2 2 1 1 2 1 1 1 1 2 2 2 1 1 1 2 2 2 2 2 1 2 2 1 1 2 1 1 2 1 2 1 2 1 2 2 1 2 1 2 2 2 2 1 2 2 1 1 1 2 2 2 2 1 3 1 2 1 2 1 2 2 1 2 2 1 1 1 1 2 1 1 1 1 1 1 1 1 2 1 2 2 2 2 2 2 2 2 3 2 1 1 2 1 1 2 1 1 1 1 2 1 1 1 3 1 1 2 2 1 1 1 1 1 1 2 1 2 1 2 1 2 2 2 1 1 2 2 2 1 1 1 1 2 1 1 2 1 1 2 2 2 1 2 2 2 1 2 1 2 2 1 1 1 1 1 1 1 1 1 3 1 2 1 2 2 1 2 2 2 1 2 2 2 2 2 1 1 2 1 2 1 1 1 3 2 2 2 2 2 1 2 1 2 2 1 1 1 1 2 1 2 2 2 3 1 1 2 2 2 2 3 2 1 2 1 2 2 1 1 2 1 1 1 2 1 2 2 1 1 1 1 3 3 1 2 2 2 1 2 2 1 2 2 2 1 2 2 2 1 1 2 2 1 2 2 3 2 1 1 1 1 1 1 1 2 2 2 2 2 2 2 2 1 1 2 2 1 2 2 1 2 2 1 1 2 2 1 2 2 1 1 2 2 2 2 2 1 2 2 2 3 1 2 1 1 1 1 1 1 2 1 1 1 2 2 2 2 1 3 1 1 1 1 2 2 1 2 2 2 2 2 1 1 2 1 1 2 2 2 2 1 1 2 2 2 2 2 2 2 1 2 1 1 2 1 2 2 2 2 1 2 2 2 2 2 2 2 2 2 1 2 1 1 2 2 3 1 2 1 2 1 3 1 2 3 1 2 1 2 2
432
1 1 1 4 3 2 3 1 1 2 2 3 2 3 4 5 2 2 3 4 1 4 1 3 2 4 1 2 3 1 4 1 5 4 1 2 4 1 1 1 5 1 3 3 1 1 3 2 5 5 2 1 4 1 3 1 3 2 1 2 2 4 5 3 2 5 5 1 4 4 3 4 4 2 2 2 2 3 2 3 5 3 2 4 1 2 1 3 5 4 2 3 3 4 4 2 5 2 2 1 1 3 2 5 4 4 2 1 2 1 1 1 3 4 3 1 2 5 4 2 2 4 3 1 3 1 5 1 5 3 2 4 1 4 4 5 1 4 2 1 2 2 3 2 1 3 1 2 1 1 1 3 2 2 4 4 2 3 3 3 1 4 4 3 3 2 4 1 2 2 5 2 2 5 1 4 1 4 1 1 2 5 2 5 3 4 2 3 2 4 3 1 4 4 2 2 3 4 4 2 3 1 1 2 4 1 3 4 3 2 4 4 2 3 4 1 1 4 3 4 1 3 1 1 3 2 4 3 3 5 2 2 2 1 3 2 1 3 1 3 4 5 1 2 2 3 4 2 1 2 4 5 3 2 2 2 4 5 3 2 4 1 1 3 5 3 3 4 5 2 5 3 3 1 4 5 2 5 5 4 5 2 1 1 1 5 2 1 1 1 3 2 3 4 3 3 1 1 2 3 3 4 5 1 1 4 3 1 4 3 2 3 4 3 4 1 4 5 3 3 2 2 4 5 4 4 3 1 3 4 1 1 4 4 1 2 3 5 5 2 4 2 2 3 1 4 4 3 2 3 2 2 4 3 4 3 2 2 4 2 5 3 5 2 4 2 4 1 5 1 3 5 1 1 2 1 1 4 2 5 5 3 3 4 5 2 4 5 4 1 2 3 2 3 5 3 5 4 3 4 1 1 2 5 2 4 4 3 1 4 5 3 2 2 2 4 3 1 4 4 4 2 1 2 3 1 1 3 1 4 4 3
548
1 1 2 2 1 3 4 3 1 2 3 1 4 2 1 1 3 3 3 3 2 3 3 2 2 3 3 4 1 2 2 2 3 1 2 1 3 1 1 2 4 1 3 2 3 1 3 2 2 2 3 1 4 3 2 4 4 2 1 2 1 3 2 4 1 2 2 1 2 2 2 1 2 1 4 4 1 2 4 3 3 1 2 2 1 2 3 3 1 1 3 4 3 1 4 2 3 3 2 4 3 1 1 1 3 1 1 1 4 1 4 3 1 3 3 3 3 3 3 3 1 2 2 3 4 3 4 4 2 1 3 4 4 3 3 1 2 4 3 4 4 3 1 3 1 2 4 2 2 2 2 2 2 2 2 1 4 3 3 3 4 3 2 1 1 1 3 3 3 2 3 4 2 3 4 4 4 2 4 3 2 3 1 1 1 3 2 3 1 2 1 1 3 1 1 2 1 3 1 2 2 3 1 1 4 4 4 4 3 3 4 2 1 1 1 1 1 2 4 1 4 2 4 3 2 4 3 2 3 4 1 2 4 4 2 3 1 4 3 3 2 2 2 1 2 3 3 3 3 1 1 4 2 3 4 4 3 2 2 3 3 2 2 3 4 2 2 4 1 1 4 3 4 3 2 2 1 1 2 1 3 3 1 1 1 4 1 2 2 3 3 1 2 2 1 1 1 3 1 2 2 3 1 3 4 3 3 3 3 2 1 1 3 4 3 4 1 2 2 1 2 4 2 2 1 2 3 1 2 4 2 3 3 3 3 1 1 1 4 1 1 3 2 1 4 4 4 4 1 1 3 1 4 1 3 4 3 3 3 2 2 3 1 2 4 2 3 1 2 1 1 1 3 4 3 4 2 2 1 3 2 3 3 3 3 3 4 4 3 3 2 4 3 4 3 1 4 1 1 3 2 2 1 4 3 2 4 4 4 3 2 4 2 3 3 1 3 2 2 3 1 4 1 4 4 1 1 3 3 2 1 3 2 4 4 3 4 4 3 2 1 2 4 2 2 1 2 3 2 4 3 1 2 4 1 1 3 1 1 2 2 3 3 3 2 3 2 4 3 3 4 3 2 3 2 2 3 2 2 3 1 2 4 1 1 4 2 4 4 1 3 1 1 4 3 1 2 1 2 2 4 2 2 2 3 2 2 3 4 4 1 2 4 1 4 4 2 1 1 1 4 4 2 3 3 1 2 4 2 4 1 2 1 2 1 2 2 2 1 3 2 3 4 2 4 2 4 3
1972
1 1 1 1 1 1 1 1 1 1 1 1 1 1 1 1 1 1 1 1 1 1 1 1 1 1 1 1 1 1 1 1 1 1 1 1 1 1 1 1 1 1 1 1 1 1 1 1 1 1 1 1 1 1 1 1 2 1 1 1 1 1 1 1 1 1 1 1 1 1 1 1 1 1 1 1 1 1 1 1 1 1 1 1 1 1 1 1 1 1 1 1 1 1 1 1 1 1 1 1 1 1 1 1 1 1 1 1 1 1 1 1 1 1 1 1 1 1 1 1 1 1 1 1 1 1 1 1 1 1 1 1 1 1 1 1 1 1 1 1 1 1 1 1 1 1 1 1 1 1 1 1 1 1 1 1 1 1 1 1 1 1 1 1 1 1 1 1 1 1 1 1 1 1 1 1 1 1 1 1 1 1 1 1 1 1 1 1 1 1 1 1 1 1 1 1 1 1 1 1 1 1 1 1 1 1 1 1 1 1 1 1 1 1 1 1 1 1 1 1 1 1 1 1 1 1 1 1 1 1 1 1 2 1 1 1 1 1 1 1 1 1 1 1 1 1 1 1 1 1 1 1 1 1 1 1 1 1 1 1 1 1 1 1 1 1 1 1 1 1 1 1 1 1 1 1 1 1 1 1 1 1 1 1 1 1 1 1 1 1 1 2 1 1 1 1 1 1 1 1 1 1 1 1 1 1 1 1 1 1 1 1 1 2 1 1 1 1 1 1 1 1 1 1 1 1 1 1 1 1 1 1 1 1 1 1 1 1 1 1 1 1 1 1 1 2 1 1 1 1 1 1 1 1 1 1 2 1 1 1 1 1 1 1 1 1 1 1 1 1 1 1 1 1 1 1 1 2 1 1 1 1 1 1 1 1 1 1 1 1 1 1 1 1 1 1 1 1 1 1 1 1 1 1 1 1 1 1 1 1 1 1 1 1 1 1 1 1 1 1 1 1 1 1 1 1 1 1 1 1 1 1 2 1 1 1 1 1 1 1 1 1 1 1 1 1 1 1 1 1 1 1 1 1 1 1 1 1 1 1 1 1 1 1 1 1 1 1 1 1 1 1 1 1 1 1 1 1 1 1 1 1 1 1 1 1 1 1 1 1 1 1 1 1 1 1 1 1 1 2 1 1 1 1 1 1 1 1 1 1 1 1 1 1 1 1 1 1 1 1 1 1 1 1 1 1 1 1 1 1 1 1 1 1 1 1 1 1 1 1 2 1 1 1 1 1 1 1 1 1 1 1 2 1 1 1 1 1 1 1 1 1 1 1 1 1 1 1 1 1 1 1 1 1 1 1 1 1 1 1 1 1 1 1 1 1 1 1 1 1 1 1 1 1 1 1 1 1 1 1 1 1 1 1 1 1 1 1 1 1 1 1 1 1 1 1 1 1 1 1 1 1 1 1 1 1 1 1 1 1 1 1 1 1 1 1 1 1 1 1 1 1 1 1 1 1 1 1 1 1 1 1 1 1 1 1 1 1 1 1 1 1 1 1 1 1 1 1 1 1 1 1 1 1 1 1 1 1 1 1 1 1 1 1 1 1 1 1 1 1 1 1 1 1 1 1 1 1 1 1 1 1 1 1 1 1 1 1 1 1 1 1 1 1 1 1 1 1 1 1 1 1 1 1 1 1 1 1 1 1 1 1 1 2 1 1 1 1 1 1 1 1 1 1 1 1 1 1 1 1 1 1 1 1 1 1 1 2 1 1 1 1 1 1 1 1 1 1 1 1 1 1 1 1 1 1 1 1 1 1 1 1 1 1 1 1 1 1 1 1 1 1 1 2 1 1 1 1 1 1 1 1 1 1 1 1 1 1 1 1 1 1 1 1 1 1 1 1 1 1 1 1 1 1 1 1 1 1 1 1 1 1 1 1 1 1 1 1 1 1 1 1 1 1 1 1 1 1 1 1 1 1 1 1 1 1 2 1 1 1 1 1 1 1 1 1 1 1 1 1 1 1 1 1 1 1 1 1 1 1 1 1 1 1 1 1 1 1 1 1 1 1 1 1 1 1 1 1 1 1 1 1 1 1 1 1 1 1 1 1 1 1 1 1 1 1 1 1 1 1 1 1 1 1 1 1 1 1 1 1 1 1 1 1 1 1 1 1 1 1 1 1 1 1 1 1 1 1 1 1 1 1 1 1 1 1 1 1 1 1 1 1 1 1 1 1 1 1 1 1 1 1 1 1 1 1 1 1 1 1 1 1 1 1 1 1 1 1 1 1 1 1 1 1 1 1 1 1 1 1 1 1 1 1 1 1 1 1 1 1 1 2 1 1 1 1 1 1 1 1 1 1 1 1 1 1 1 1 1 1 1 1 1 1 1 1 1 1 1 1 1 1 1 1 1 1 1 1 1 1 1 1 1 1 1 1 1 1 1 1 1 1 1 1 1 1 1 1 1 1 1 1 1 1 1 1 1 1 1 1 1 1 1 1 1 1 1 1 1 1 1 1 1 1 2 1 1 1 1 1 1 1 1 1 1 1 1 1 1 1 1 1 1 1 1 1 1 1 1 1 1 1 1 1 1 1 1 1 1 1 1 1 1 1 1 1 1 1 1 1 1 1 1 1 1 1 1 1 1 1 1 1 1 1 1 1 1 1 1 1 1 1 1 1 1 1 1 1 1 1 1 1 1 1 1 1 1 1 1 1 1 1 1 1 1 1 1 1 1 1 1 1 1 1 1 1 1 1 1 1 1 1 1 1 1 1 1 1 1 1 1 1 1 1 1 1 1 1 1 1 1 1 1 1 1 1 1 1 1 1 1 1 1 1 1 1 1 1 1 1 1 1 1 1 1 1 1 1 1 1 1 1 1 1 1 1 1 1 1 1 1 1 1 1 1 1 1 2 2 1 1 1 1 1 1 1 1 1 1 1 1 1 1 1 1 1 1 1 1 1 1 1 1 1 1 1 1 1 1 1 1 1 1 1 1 1 1 1 1 2 1 1 1 1 1 1 1 1 1 1 1 1 1 1 1 1 1 1 1 1 1 1 2 1 1 1 1 1 1 1 1 1 1 1 1 1 1 1 2 1 1 1 1 1 1 1 1 1 1 1 1 1 1 1 1 1 1 1 1 1 1 1 1 1 1 1 1 1 1 1 1 1 1 1 1 1 1 1 1 1 1 1 1 1 1 1 1 1 1 1 1 1 1 2 1 1 1 1 1 1 1 1 1 1 1 1 1 1 1 1 1 1 1 1 1 1 1 1 1 1 1 1 1 1 1 1 1 1 1 1 1 1 1 1 1 1 1 1 1 1 1 1 1 1 1 1 1 1 1 1 1 1 1 1 1 1 1 1 1 1 1 1 1 1 1 1 1 1 1 1 1 1 1 1 1 1 1 1 1 1 1 1 1 1 1 1 1 1 1 1 1 1 1 1 1 1 1 1 1 1 1 1 1 1 1 1 1 1 1 1 1 1 1 1 1 1 1 1 1 1 1 1 1 1 1 1 1 1 1 1 1 1 1 1 1 1 1 1 1 1 1 1 1 1 1 1 1 1 1 1 1 1 1 1 1 1 1 1 1 1 1 1 1 1 1 1 1 1 1 1 1 1 1 1 1 1 1 1 1 1 1 1 1 1 1 1 1 1 1 1 1 1 1 1 1 1 1 1 1 1 1 1 1 1 1 1 1 1 1 1 1 1 1 1 1 1 1 1 1 1 2 1 1 1 1 1 1 1 1 1 1 1 1 1 1 1 1 1 1 1 1 1 1 1 1 1 1 1 1 1 1 1 1 1 1 1 1 1 1 1 1 1 1 1 1 1 1 1 1 1 1 1 1 1 1 1 1 1 1 1 1 1 1 1 1 1 1 1 1 1 1 1 1 1 1 1 1 1 1 1 1 1 1 1 1 1 1 1 1 1 1 1 1 1 1 1 1 1 1 1 1 1 1 1 1 1 1 1 1 1 1 1 1 1 1 1 1 1 1 1 1 1 1 1 1 1 1 1 1 1 1 1 1 1 1 1 1 1 1 1 1 1 1 1 1 1 1 1 1 1 1 1 1 1 1 1 1 1 1 1 1 1 1 1 1 1 1 1 1 1 1 1 1 1 1 1 1 1 1 1 1 1 1 1 1 1 1 1 1 1 1 1 1 1 1 1 1 1 1 2 1 1 1 2 1 1 1 1 2 1 1 1 1 1 1 1 1 1 1 1 1 1 1 1 2 1 1 1 1 1 1 1 1 1 1 1 1 1 1 1 1 1 1 1 1 1 1 1 1 1 1 1 1 1 1 1 1 1 1 1 1 1 1 1 1 1 1 1 1 1 1 1 1 1 1 1 1 1 1 1 1 1 1 1 1 1 1 1 1 1 1 1 1 1 1 1 1 1 1 1 1 1 1 1 1 1 1 1 1 1 1 1 1 1 1 1 1 1 1 1 1 1 1 1 1 1 1 1 1 1 1 1 1 1 1 1 1 1 1 1 1 1
1036
2 2 1 2 1 1 2 2 1 2 2 2 2 2 2 1 1 2 1 2 1 2 2 1 1 1 1 2 1 1 1 1 2 2 1 2 2 2 1 1 1 1 1 1 1 1 2 2 2 1 1 1 1 2 2 2 2 2 2 2 1 1 2 2 1 1 2 2 2 1 2 2 2 1 1 1 1 2 1 2 1 2 2 2 2 1 1 2 2 2 2 1 1 1 1 2 1 1 1 2 2 2 1 1 1 2 2 1 1 1 2 2 2 2 1 2 1 1 2 1 2 2 2 2 1 1 2 2 1 1 1 1 2 2 2 1 1 2 2 1 1 1 2 1 2 1 2 1 2 2 2 2 2 2 2 2 1 2 1 1 2 1 1 2 1 2 1 2 2 2 2 2 1 2 2 2 1 1 1 2 1 2 2 1 2 2 1 1 1 1 2 1 1 1 1 1 2 1 2 2 1 2 2 2 2 2 2 2 2 1 2 2 1 1 2 2 1 2 2 2 1 1 2 1 1 1 1 1 2 1 2 1 2 2 1 2 2 1 2 2 2 1 1 2 2 2 2 1 1 1 2 1 1 1 2 1 2 1 2 1 1 1 2 1 1 2 2 1 2 1 2 1 2 2 1 1 2 1 1 1 1 1 2 1 1 2 1 1 1 2 2 1 2 2 1 2 1 2 1 1 2 1 1 1 1 1 2 2 2 2 1 2 2 2 2 1 1 2 2 2 2 2 1 2 2 1 1 1 2 1 2 1 1 2 2 2 1 1 1 2 1 2 2 2 2 2 1 1 1 2 2 1 2 1 1 2 2 1 2 2 2 2 1 1 2 1 1 2 1 2 2 1 1 1 1 1 2 1 2 1 1 2 1 2 1 1 1 2 2 1 2 2 1 2 2 1 1 2 2 2 2 1 2 2 1 2 1 2 2 1 1 2 2 2 2 2 1 2 1 2 2 2 1 2 1 1 1 2 2 2 2 1 2 1 2 2 1 2 1 2 2 1 1 2 2 1 2 2 1 2 2 1 2 1 2 2 1 1 2 1 2 1 1 2 2 2 1 2 1 1 2 1 2 1 2 2 2 2 1 1 1 1 1 2 1 1 2 2 1 1 2 1 2 1 2 1 1 2 2 2 2 1 1 2 2 2 1 2 1 1 2 1 2 1 1 1 1 2 1 1 1 2 1 2 1 2 2 1 2 1 1 1 1 2 2 1 1 2 2 2 1 2 1 1 1 1 2 1 2 1 2 1 1 2 1 1 1 1 1 1 2 1 2 1 1 2 1 1 2 1 1 1 1 2 1 1 1 1 2 2 2 2 1 1 2 1 1 2 2 2 2 1 2 1 1 1 1 1 2 1 2 2 1 1 1 1 2 1 1 2 1 1 1 1 1 1 2 2 1 2 1 1 2 2 2 1 1 1 1 1 1 2 2 2 2 1 1 1 1 2 2 2 2 2 2 2 2 2 2 2 1 1 1 2 1 1 2 2 2 1 1 2 2 2 2 1 1 1 2 2 2 2 2 2 1 1 2 1 1 2 2 1 2 2 2 2 1 1 2 2 2 1 1 1 1 1 2 1 1 1 1 1 1 1 2 2 2 2 1 1 2 1 2 1 2 2 1 1 1 2 2 2 2 1 2 1 2 2 1 1 1 1 1 2 2 2 2 1 1 1 2 2 2 2 1 1 1 1 1 1 1 2 2 1 1 1 2 1 2 2 2 2 1 1 1 1 2 2 2 1 1 1 1 1 1 1 2 1 1 1 2 1 1 1 1 2 1 2 2 2 2 1 2 1 2 2 2 2 1 2 2 2 2 1 1 1 1 2 2 2 2 1 2 1 2 2 2 1 1 2 2 1 2 1 1 1 1 2 2 2 1 1 2 2 1 2 2 1 1 1 2 2 2 1 2 2 2 2 2 1 1 2 2 1 1 1 2 1 2 1 2 2 1 2 1 1 2 2 1 1 1 2 1 1 2 1 2 2 1 2 2 2 1 1 2 2 1 2 2 2 2 1 2 2 2 2 2 1 2 2 2 2 1 1 2 2 2 1 1 2 1 1 1 2 2 1 2 1 2 2 2 1 1 1 2 2 2 1 1 2 1 2 2 2 1 2 2 1 2 1 1 1 1 1 2 1 1 2 2 1 2 1 2 1 2 1 1 1 2 1 2 2 1 2 2 1 2 2 2 2 2 2 2 2 1 1 2 2 2 1 2 1 1 1 1 2 1 2 2 2 2 1 2 1 1 2 1 2 2 2 2 1 2 1 1 1 1 1 1 2 1 2 2 2 2 2 1 2 2 1 1 1 1 1 1 1 1 1 1 1 2 1 1 2 2 2
616
2 2 1 1 2 4 1 2 3 4 3 2 2 2 2 1 1 1 4 1 2 2 3 3 1 3 1 3 1 4 3 4 1 3 1 3 4 3 3 3 1 3 3 1 3 2 1 3 3 2 2 1 3 1 2 2 1 3 4 3 3 2 1 1 2 3 4 2 1 1 2 3 1 3 4 3 2 2 2 1 3 3 1 2 1 1 3 2 1 2 3 3 3 2 3 3 1 1 1 1 1 1 3 3 3 1 4 2 2 1 3 2 2 4 3 1 1 3 3 3 2 3 3 2 2 4 2 2 1 3 2 2 1 4 3 1 1 1 3 2 3 1 1 4 1 3 2 1 4 3 1 1 3 1 3 4 1 2 1 2 2 3 2 1 1 3 2 2 3 4 4 1 1 1 1 2 1 4 4 1 2 4 2 3 3 3 1 1 1 2 2 4 3 1 3 3 4 3 2 2 2 2 3 2 1 3 2 1 1 4 4 1 2 2 2 1 3 3 2 2 2 2 3 1 2 2 4 3 1 3 1 2 1 3 2 3 2 1 1 2 3 2 3 2 3 3 1 2 1 2 2 3 1 2 2 3 3 4 3 2 2 1 3 3 3 2 1 2 2 2 2 3 1 1 2 1 3 3 1 1 3 4 1 1 1 3 1 3 1 4 2 1 1 1 2 3 2 2 4 2 3 3 1 1 3 3 1 1 3 3 1 2 2 1 4 1 2 1 2 2 3 1 2 3 2 2 2 2 2 2 3 3 2 2 2 2 1 1 2 1 1 1 1 3 1 2 3 3 2 3 2 1 2 2 3 3 2 4 1 1 2 1 1 3 2 2 2 1 3 1 2 2 1 1 1 2 3 3 1 2 2 1 1 1 2 4 4 2 1 2 2 3 3 2 3 1 4 1 3 1 1 3 1 2 3 1 1 4 2 2 3 1 2 1 3 2 3 1 1 1 1 3 1 2 2 3 1 3 3 2 2 1 1 3 2 4 1 1 3 1 1 1 3 3 3 3 4 3 1 3 1 4 1 3 1 2 1 3 3 4 1 3 4 3 1 2 3 1 3 3 3 4 3 1 3 2 1 1 2 1 2 1 2 3 2 2 2 3 3 2 2 2 1 1 3 4 2 2 1 2 1 3 2 1 3 2 4 2 3 1 3 2 3 3 4 1 3 3 2 3 2 2 3 4 2 1 2 1 3 2 3 1 3 3 1 1 2 3 2 3 1 3 3 3 1 1 2 4 2 2 3 3 1 2 2 3 2 1 2 1 2 2 1 3 2 3 3 4 3 3 3 3 1 2 3 3 2 3 3 4 2 1 3 2 3 1 3 1 2 2 1 3 2 2 2 4 3 2 3 1 3 2 4 4 3 2 4 4 4 3 1 3 1 3 3 3
440
2 3 2 1 2 4 5 2 2 4 5 5 3 5 3 5 1 2 1 3 2 1 4 2 4 4 1 1 4 1 3 3 2 4 4 2 2 4 4 4 1 5 4 3 2 1 4 3 2 5 3 1 2 5 3 4 4 4 2 3 2 5 2 3 5 3 3 4 1 3 4 5 2 4 2 5 3 4 2 4 5 3 5 5 2 4 2 3 1 4 3 2 3 3 1 4 3 3 3 3 2 3 2 3 1 4 4 1 4 4 1 4 3 3 3 1 2 2 4 2 1 4 1 3 3 1 4 1 2 4 3 2 1 2 3 4 1 2 2 2 2 4 2 4 5 3 1 2 2 4 4 5 2 2 3 2 5 3 5 2 5 2 1 4 1 3 3 3 1 2 4 5 4 2 5 1 2 3 1 2 2 2 3 2 5 3 3 3 1 4 2 4 5 4 3 4 5 5 4 3 3 5 4 3 1 4 5 4 1 3 2 2 1 1 2 1 5 3 4 5 3 1 4 5 3 1 5 2 1 2 1 2 4 1 2 2 1 3 3 5 5 3 1 1 4 1 3 4 4 1 2 1 2 2 2 1 2 3 3 4 2 4 4 2 3 5 1 3 4 1 3 2 3 2 1 2 4 4 4 5 2 3 5 4 2 1 4 3 3 3 5 2 1 2 2 5 3 1 2 4 3 2 2 2 5 3 1 2 3 1 5 3 3 4 2 2 2 4 4 5 4 1 4 4 2 2 1 1 1 3 1 5 3 1 2 5 4 4 5 4 4 3 2 5 4 5 3 5 3 4 3 3 4 2 2 1 3 5 3 4 5 4 2 1 2 1 3 1 2 3 4 3 3 1 4 2 2 2 2 5 3 4 2 4 2 2 2 3 3 3 1 1 1 5 4 1 2 4 4 1 1 4 5 2 3 1 2 1 5 5 5 4 1 1 2 4 4 3 1 3 3 1 3 1 5 5 3 4 4 5 2 1 1 4 3 1 3 5 5 4
1515
1 1 1 1 1 1 2 1 1 1 1 1 1 1 1 1 1 1 2 1 1 1 1 1 1 1 1 1 1 1 1 1 2 1 1 1 1 1 1 1 1 1 2 1 1 1 1 1 1 1 1 2 1 2 1 1 1 1 1 1 2 1 1 2 1 1 1 1 1 1 1 1 2 1 2 1 2 1 1 1 2 1 1 1 1 1 2 1 1 1 1 1 1 1 1 2 1 1 1 2 1 1 1 2 2 2 1 1 1 1 1 1 1 1 1 1 1 2 1 1 1 2 1 2 1 1 1 1 1 1 1 1 1 1 1 1 1 1 1 1 1 1 1 1 1 1 1 1 1 2 1 2 1 1 1 1 1 1 1 1 2 1 2 2 2 2 1 2 1 2 1 1 1 1 2 1 1 1 2 1 2 1 1 1 1 1 2 1 1 1 1 2 1 1 1 1 1 2 1 1 1 1 1 1 2 1 2 1 1 1 1 1 1 1 1 1 1 1 1 1 1 1 1 1 1 1 1 1 1 1 1 1 1 1 1 1 1 1 1 1 1 1 1 1 1 1 1 2 1 1 1 2 1 1 1 1 1 1 1 1 1 2 2 1 1 1 1 2 1 2 1 2 1 1 1 1 1 2 1 1 1 1 1 1 2 1 1 1 1 1 1 2 1 2 1 1 1 1 1 2 1 1 1 1 2 1 2 2 1 1 1 2 1 2 2 2 1 1 1 1 1 2 1 2 1 2 1 1 2 2 1 2 2 2 1 1 1 1 2 1 2 1 1 1 1 1 2 1 1 2 2 1 1 1 1 1 1 2 1 1 2 2 1 2 1 1 1 1 1 2 1 2 1 1 1 1 1 1 1 1 2 1 2 2 1 2 1 1 1 1 1 1 1 1 1 1 1 1 2 1 1 1 1 1 2 1 1 1 2 1 2 1 1 1 1 2 2 1 1 1 1 1 2 1 1 1 1 1 1 1 1 1 1 1 1 1 1 1 1 2 1 1 1 2 1 1 2 1 2 1 2 1 1 2 1 1 1 1 1 1 2 1 2 2 1 1 1 2 1 1 1 1 2 1 1 2 1 1 1 2 1 1 1 2 1 1 1 1 1 2 1 1 1 2 1 1 1 2 1 1 2 1 1 1 2 1 1 1 1 1 1 1 1 2 1 1 1 2 1 1 1 1 1 1 1 2 2 2 1 1 1 1 2 2 1 1 1 1 1 1 1 2 2 1 1 2 1 1 1 1 1 2 1 1 1 1 1 1 1 1 2 2 2 2 1 1 1 1 2 2 1 1 1 1 1 1 1 2 1 2 2 1 1 1 1 2 1 1 1 2 1 2 2 2 1 2 2 1 2 2 1 1 1 1 1 1 1 2 1 1 1 1 1 1 1 2 1 2 1 2 1 1 1 2 1 1 1 1 1 1 1 1 1 1 2 2 1 1 1 2 1 1 1 1 1 1 1 1 2 1 1 2 1 2 1 2 1 1 1 1 2 1 1 1 2 2 1 1 1 1 2 1 1 2 1 1 2 2 1 1 2 1 2 1 1 1 2 2 1 1 1 2 2 1 1 1 1 1 1 1 1 1 2 2 1 2 2 1 2 2 2 2 2 2 1 1 2 1 1 2 1 1 1 1 1 1 1 2 1 1 1 1 1 1 1 1 1 2 2 1 1 1 2 2 1 1 1 1 1 1 2 1 1 1 2 1 1 2 1 1 2 1 1 2 1 1 2 1 1 1 1 1 1 1 1 1 2 1 1 1 1 1 2 2 2 1 2 1 1 1 2 2 1 1 1 1 1 2 1 2 1 1 1 1 1 2 1 2 1 1 2 2 1 1 1 2 1 1 1 1 1 2 1 1 1 1 1 1 1 1 1 2 1 1 2 1 2 1 1 2 2 1 1 1 1 1 1 1 2 1 1 1 1 1 1 2 1 1 1 1 1 1 1 2 1 1 2 1 2 2 1 1 2 2 1 1 1 1 1 1 1 1 1 1 2 1 1 1 1 1 1 1 1 1 1 2 1 1 2 2 2 2 1 1 1 2 2 1 2 2 1 2 2 1 1 1 2 2 1 1 2 2 1 1 1 2 1 1 2 1 2 1 2 1 1 1 1 1 1 1 1 1 1 1 1 1 2 1 1 1 1 1 1 1 2 1 1 1 1 1 1 2 2 1 2 1 1 1 1 1 2 1 1 1 2 1 2 1 1 2 1 1 1 1 2 1 1 1 1 1 1 1 1 1 2 1 1 1 2 1 2 2 1 2 1 1 1 1 1 2 1 1 1 2 1 1 1 2 1 1 1 1 2 1 1 2 1 1 1 1 1 1 1 1 2 1 2 2 1 1 1 1 1 2 2 1 1 2 2 2 1 2 1 1 1 1 1 1 1 1 1 2 1 1 1 1 2 2 1 1 1 1 2 2 1 1 1 1 1 1 1 1 2 2 1 1 1 1 1 1 2 1 1 2 1 2 1 2 2 1 2 1 2 2 1 1 2 1 1 2 1 1 1 1 2 2 1 1 2 1 1 1 1 1 2 1 1 1 2 1 1 2 1 2 1 2 2 2 2 2 1 1 1 1 1 1 1 1 1 1 2 2 2 1 1 1 1 1 1 1 1 1 1 1 1 1 1 1 1 2 1 1 2 1 1 2 2 2 2 1 1 1 1 2 1 2 2 1 2 1 1 1 1 1 1 1 1 1 1 1 1 2 1 2 1 2 1 1 2 1 1 1 1 1 1 1 1 1 1 1 1 1 1 2 2 1 1 1 1 1 1 1 1 1 1 1 2 2 1 1 1 1 1 1 1 1 1 1 1 1 1 1 1 2 2 1 1 1 1 1 1 2 2 1 1 2 1 2 1 1 1 2 1 1 1 1 2 1 1 2 1 1 1 1 1 2 2 1 1 1 1 1 1 1 1 1 1 1 1 1 2 1 1 1 2 2 1 1 1 1 1 1 1 1 1 1 1 2 1 1 1 1 1 1 1 1 1 1 1 1 1 2 2 1 1 1 1 1 1 1 1 1 1 1 1 1 1 2 1 2 1 2 2 1 1 1 2 1 1 1 1 1 2 1 1 1 1 1 1 1 1 1 1 1 1 1 1 1 1 1 1 2 1 1 1 1 1 2 2 2 1 1 1 1 2 2 1 1 2 1 2 1 1 1 1 1 1 1 1 1 1 1 1 2 2 2 1 1 1 1 2 2 1 1 1 1 2 1 1 1 1 1 1 1 1 2 1 1 2 1 1 1 2 1 1 2 1 1 1 1 1 1 1 1 2 1 1 1 2 1 1 2 2 2 1 1 2 1 2 2 2 2 1 1 2 1 1 1 1 1 1 2 1 1 1 1 1 1 2 2 1 1 1 1 2 2 1 1 1 1 1 1 2 1 1 1 2 1 1 1 1 1 1 1 1
1824
1 1 1 1 1 1 2 2 1 2 1 1 1 2 1 2 1 1 1 1 1 1 1 1 1 1 1 1 2 1 2 1 1 2 1 1 1 1 1 1 1 1 1 1 1 1 1 1 1 1 1 1 1 1 1 1 1 1 1 1 1 1 1 1 1 1 1 1 1 1 1 1 1 1 1 1 1 1 1 1 1 1 1 1 1 1 1 1 1 1 1 2 1 1 1 1 1 1 1 1 1 1 1 1 1 1 1 1 1 1 1 1 1 1 1 2 1 1 2 1 1 1 1 1 2 1 1 1 1 1 1 1 2 1 1 1 2 1 1 1 1 1 1 1 1 1 1 1 1 1 2 1 1 1 1 1 1 1 1 1 1 1 1 1 1 1 1 1 1 1 1 1 1 2 1 1 1 1 1 1 1 2 1 1 1 2 1 1 1 1 1 1 1 1 1 1 1 1 1 1 1 1 1 1 2 2 1 1 1 2 1 1 1 1 1 1 1 1 1 1 1 1 1 1 1 1 1 2 1 1 1 1 1 1 1 1 1 1 1 1 1 1 1 1 1 1 1 1 1 1 1 1 1 1 1 1 1 2 1 1 1 1 2 1 1 1 1 1 1 1 1 1 1 1 1 1 1 1 1 1 1 1 1 1 1 1 1 1 1 1 1 1 1 1 2 1 1 1 1 1 1 1 1 1 1 1 1 1 2 2 2 1 1 1 1 1 1 1 2 1 1 1 1 1 2 1 1 1 1 1 1 1 1 1 1 1 1 1 1 1 1 2 1 1 1 1 1 1 1 1 1 1 1 1 1 1 1 2 1 2 1 1 1 1 2 1 1 1 1 1 1 1 1 1 1 2 1 1 1 1 1 1 1 1 1 1 1 1 1 1 1 2 1 1 1 1 1 1 2 1 1 2 1 1 1 1 1 1 1 1 1 1 1 1 1 1 1 2 1 1 1 1 1 1 1 1 1 1 1 1 1 2 1 1 1 1 1 1 2 1 1 1 1 1 1 1 1 1 1 2 1 1 1 1 1 2 1 1 1 1 1 1 1 1 1 1 1 1 1 1 1 1 1 1 1 1 1 1 1 2 1 1 1 1 1 1 1 1 2 1 1 1 2 1 1 1 1 1 2 1 1 1 1 1 2 1 2 1 1 1 1 2 1 1 1 1 1 1 1 1 1 1 1 2 1 1 1 1 1 1 1 1 1 1 1 1 1 2 1 1 2 1 1 1 1 1 1 1 1 1 1 1 1 1 1 1 1 1 1 1 1 1 1 1 1 1 1 1 1 1 1 1 1 1 1 1 1 1 1 1 1 2 1 1 1 1 1 1 1 1 1 1 2 1 1 1 1 1 1 2 1 1 1 1 1 1 1 2 1 1 1 1 1 1 1 1 1 1 1 1 2 1 1 2 1 1 1 1 1 1 1 1 1 1 1 1 2 1 1 2 1 1 1 1 1 1 1 1 1 1 1 1 2 1 1 2 1 1 1 1 1 1 1 1 1 1 1 1 1 1 1 1 1 1 1 1 1 1 1 1 1 1 1 1 1 1 1 1 1 1 1 1 1 1 1 1 1 1 2 1 1 1 1 1 1 2 1 1 1 1 2 1 1 1 1 1 1 1 1 1 1 1 1 1 1 1 1 1 1 2 1 1 1 1 1 1 1 1 1 1 1 1 1 1 2 1 1 1 1 1 1 1 1 1 1 1 1 1 1 1 1 1 1 1 1 1 1 1 1 1 1 1 1 1 1 1 2 1 1 1 1 1 2 1 1 1 1 1 1 1 2 1 1 1 1 1 1 1 1 1 1 1 1 2 1 1 1 1 1 1 1 1 2 1 1 1 1 1 1 1 1 1 1 2 1 1 1 1 1 2 1 1 1 1 1 2 1 1 1 1 1 1 1 1 1 1 2 1 1 1 1 1 1 1 1 1 1 1 1 1 1 1 1 1 1 1 1 2 1 1 2 1 1 1 1 1 1 1 1 2 1 1 1 1 1 1 1 1 1 1 1 1 1 1 1 1 1 1 1 1 1 1 1 2 1 1 2 1 1 1 1 1 1 1 1 1 1 1 1 1 1 1 1 1 1 1 1 1 1 2 1 1 1 1 1 1 1 1 1 2 1 1 1 1 1 1 1 1 1 1 1 1 1 1 1 1 1 1 1 1 1 1 1 1 1 1 1 1 1 1 1 1 1 1 1 1 1 1 1 1 1 1 1 1 1 1 2 1 1 1 1 1 1 1 1 1 2 2 1 1 1 1 1 1 1 2 1 1 1 1 1 1 1 1 1 1 1 1 1 1 1 1 1 1 1 1 1 2 1 1 1 1 1 1 1 1 2 1 2 1 1 1 1 1 1 1 1 1 1 1 1 1 1 1 2 1 1 1 1 1 1 1 1 1 1 1 1 1 1 1 1 1 1 1 1 1 1 1 1 1 1 1 1 1 1 1 1 1 1 1 1 1 1 1 1 1 1 1 2 1 2 2 1 1 1 1 1 1 1 1 1 1 1 1 1 1 2 2 1 1 1 1 1 1 1 1 1 1 1 1 1 1 1 1 1 1 1 1 1 1 1 1 1 1 1 1 1 2 1 1 1 1 1 1 1 1 1 2 1 1 1 1 1 1 1 1 1 1 1 1 1 1 1 1 1 1 1 1 1 1 1 1 1 1 1 1 1 1 1 1 1 1 1 1 1 2 1 1 1 1 1 1 1 1 2 1 1 1 1 1 1 1 1 1 1 1 1 1 1 1 1 1 1 1 1 1 1 1 2 1 1 1 1 1 1 1 1 1 1 1 2 1 1 1 1 1 2 1 2 1 1 1 1 1 1 1 1 1 2 1 1 1 1 1 1 2 1 1 1 1 2 2 1 1 1 1 1 1 1 1 1 1 1 1 1 1 1 1 1 1 1 1 1 1 1 1 1 1 1 1 1 1 1 2 1 1 1 2 1 1 1 1 1 1 1 1 1 1 1 1 1 1 1 1 1 2 1 1 1 1 1 1 1 1 1 1 1 1 1 1 1 1 1 1 1 1 1 1 1 1 1 1 1 1 1 1 1 1 1 1 1 1 1 1 1 1 1 1 1 1 2 1 1 1 1 1 1 1 1 2 1 1 1 1 2 1 1 1 1 1 1 1 1 1 1 1 1 1 1 1 1 1 1 1 1 1 1 1 1 1 1 2 1 1 1 1 1 2 1 1 1 1 1 1 1 1 1 1 1 1 1 2 1 1 1 1 1 1 1 1 1 1 1 1 1 1 1 1 1 2 1 2 1 2 1 1 1 1 2 1 1 1 1 2 1 1 1 1 1 1 2 1 1 1 1 1 1 1 1 1 1 1 1 1 1 1 1 1 1 1 1 1 1 1 1 1 1 1 1 1 1 2 1 1 1 1 1 2 1 1 1 1 1 1 1 1 1 1 1 1 1 1 1 1 1 1 1 1 1 2 1 1 1 1 1 1 1 2 1 1 1 1 1 2 1 2 1 1 1 1 1 1 1 1 1 1 1 1 1 1 1 2 1 1 1 1 1 1 1 1 1 1 1 1 2 1 1 1 2 1 1 1 1 1 1 1 1 1 1 1 1 1 1 1 1 1 1 1 1 1 1 1 1 1 1 1 1 1 1 1 1 1 1 1 1 1 1 1 1 1 1 1 1 1 1 1 1 1 1 1 1 1 1 1 1 1 2 2 1 1 1 1 1 2 1 1 2 1 1 1 1 1 1 1 1 2 1 1 1 2 1 1 1 1 1 2 1 1 1 1 1 1 1 1 1 1 1 1 1 1 1 1 1 1 1 1 1 1 1 1 1 1 1 1 1 2 1 1 1 2 1 1 1 1 2 1 1 1 2 1 1 1 1 1 1 1 1 1 1 1 1 1 1 1 1 1 1 1 1 1 1 1 1 1 1 1 1 1 1 1 1 1 2 1 1 1 2 1 1 2 1 1 1 1 1 1 2 1 1 1 1 1 2 1 1 1 1 2 1 1 1 1 1 1 1 1 1 1 2 1 1 1 1 1 1 2 1 1 1 1 1 1 1 1 1 2 1 1 1 1 1 1 1 1 1 1 1 1 1 1 1 1 1 1 1 1 1 1 1 1 2 1 1 1
1387
2 1 1 1 1 1 1 1 1 2 1 1 2 1 2 1 2 2 2 1 1 2 1 1 1 1 1 1 2 2 1 1 1 1 1 1 1 1 1 1 1 1 1 1 1 1 1 2 1 2 1 1 1 1 1 1 1 1 1 1 1 1 1 1 2 2 1 1 1 1 1 1 2 1 1 1 1 1 1 1 1 1 1 1 1 1 1 1 1 1 1 1 2 1 1 2 1 1 1 2 2 2 2 2 1 2 1 1 2 2 1 2 1 1 2 1 1 1 1 2 2 2 1 2 2 2 1 2 1 2 1 1 1 1 1 1 1 1 1 1 2 1 1 1 1 2 1 1 1 1 1 2 1 1 1 1 1 1 1 2 1 2 1 1 2 1 1 1 2 2 1 1 1 1 1 2 1 1 1 1 2 1 2 1 1 1 2 1 2 2 1 1 1 1 1 1 1 1 1 1 2 1 1 1 1 2 1 1 1 2 1 1 1 1 1 1 1 1 1 2 1 2 1 1 1 2 1 1 1 1 2 1 1 1 2 1 1 1 2 2 1 1 1 1 1 2 2 1 1 2 2 1 1 2 1 1 1 1 2 2 1 1 2 2 1 2 2 1 1 1 1 1 1 1 1 2 2 1 2 1 1 1 2 1 1 1 1 2 1 2 1 1 1 2 1 1 1 1 2 1 2 1 1 2 1 1 2 1 2 1 1 1 1 1 1 1 1 2 2 1 1 2 2 1 1 1 1 1 1 1 1 1 1 1 1 1 2 1 1 1 1 2 1 1 1 1 2 1 1 1 1 2 1 1 1 1 2 2 1 1 1 1 1 1 2 1 1 2 1 1 1 1 2 1 1 2 2 1 1 1 1 1 1 1 1 1 2 2 1 1 1 1 2 2 1 1 1 1 1 1 2 2 2 1 1 1 2 2 2 1 1 1 2 1 1 1 1 2 2 2 1 1 2 2 1 1 1 2 1 1 2 1 1 1 1 1 1 1 1 2 1 2 1 1 2 1 1 1 1 2 1 1 1 1 1 1 1 1 1 2 2 2 1 1 2 1 1 2 1 1 2 1 1 1 2 1 2 1 2 1 2 1 1 1 1 1 1 1 1 1 1 1 2 1 1 1 1 1 1 2 1 1 2 2 1 1 2 1 1 1 1 1 2 1 1 1 1 1 1 1 1 2 1 1 1 1 2 2 1 2 1 2 1 1 1 1 1 1 1 1 1 2 1 1 1 1 1 1 2 1 1 1 1 1 1 1 1 1 2 2 2 2 2 1 1 2 1 1 1 1 1 1 1 2 1 1 1 2 2 1 1 1 2 1 1 1 1 1 2 2 1 1 1 1 1 1 1 2 1 1 1 1 2 1 1 1 1 1 2 1 1 1 2 1 1 1 1 2 1 1 1 1 1 1 1 1 1 1 1 1 1 2 1 1 1 1 1 1 2 1 2 1 2 1 1 1 1 1 2 1 1 1 2 1 2 2 1 1 1 2 1 1 1 2 1 1 1 1 1 2 2 2 2 1 2 2 1 2 1 1 1 1 1 2 1 2 1 1 1 1 2 1 1 1 2 1 1 2 1 1 2 1 1 1 2 1 1 1 2 2 2 1 1 1 2 1 1 2 1 2 1 2 1 1 1 1 2 1 2 1 1 2 1 1 1 1 2 1 1 1 1 1 1 1 1 2 2 1 1 1 1 1 2 1 1 1 1 1 1 1 2 2 2 1 2 2 1 1 1 2 1 2 2 1 1 2 2 1 2 1 1 2 1 1 1 2 1 1 2 2 1 1 2 1 1 2 1 2 1 1 2 1 2 1 2 1 1 1 1 2 2 2 1 2 2 1 1 1 1 2 2 1 1 1 1 2 1 1 1 1 1 1 1 1 2 1 1 2 1 2 1 1 1 1 1 2 1 2 1 1 1 1 1 1 1 1 1 1 1 1 1 2 2 1 1 1 2 1 1 2 1 1 1 1 1 1 2 1 1 1 2 1 1 2 1 1 2 2 2 1 2 1 1 1 1 1 1 1 1 2 1 2 1 1 2 1 2 1 1 1 1 1 2 1 1 1 1 2 1 2 1 1 1 1 1 1 2 1 1 1 1 1 1 2 2 1 2 1 2 1 1 1 2 1 1 2 1 1 1 1 2 1 1 1 2 1 1 2 1 1 2 1 1 1 1 1 1 1 1 2 1 1 2 1 1 2 1 1 1 1 1 1 1 1 1 1 1 1 2 1 1 1 2 1 2 1 2 1 2 1 2 1 2 2 1 2 1 1 1 1 1 1 1 1 1 2 2 1 1 1 1 2 1 1 1 2 1 1 2 2 1 1 2 2 2 1 2 1 1 1 1 1 2 1 1 1 1 1 1 2 2 2 1 2 1 1 2 1 1 1 1 1 2 1 1 1 1 2 1 1 1 1 1 2 1 1 2 2 1 1 2 1 1 2 1 2 1 2 1 1 1 1 2 2 2 1 1 1 1 2 2 1 2 1 1 1 1 2 1 2 2 1 1 2 1 1 2 1 1 1 1 1 1 1 1 1 2 1 1 2 1 1 1 1 1 2 1 1 2 1 1 1 2 2 2 1 1 1 1 1 1 1 1 2 1 2 2 1 1 1 2 1 1 2 1 1 1 1 2 1 1 2 1 2 2 2 2 2 1 1 1 1 2 1 2 2 1 1 2 1 1 1 1 1 1 1 2 1 1 2 1 1 1 1 2 1 2 1 2 1 2 1 1 1 2 1 1 2 1 2 1 2 1 1 2 1 2 2 2 2 1 2 1 1 1 1 1 2 1 1 2 2 1 2 1 1 1 1 1 1 1 1 1 1 2 2 1 1 1 1 2 1 1 1 2 1 2 1 1 1 1 1 1 2 1 1 1 1 1 1 1 1 1 1 1 1 1 1 1 1 2 2 1 1 1 1 1 1 2 1 1 1 2 1 2 1 2 2 2 1 1 1 1 1 2 1 1 2 2 2 1 2 1 1 1 1 2 1 1 1 2 1 1 1 1 1 2 1 2 1 1 2 1 2 1 1 2 1 1 2 1 1 1 2 2 1 1 1 2 1 1 1 1 1 2 2 1 1 2 1 1 1 1 2 2 2 1 1 2 1 1 2 1 1 2 1 2
1649
2 1 2 1 1 1 1 1 1 1 1 1 1 2 2 1 1 1 1 1 1 1 1 1 1 1 1 1 1 1 1 1 1 1 2 1 1 1 1 1 1 1 1 1 1 1 1 1 1 1 1 1 1 2 1 1 2 2 1 1 1 1 1 1 1 1 1 1 2 1 1 1 1 1 1 1 2 1 1 1 1 1 1 1 1 2 2 1 1 1 1 2 2 1 1 1 1 1 1 1 1 1 2 1 2 1 1 1 1 1 1 1 1 1 1 1 1 1 1 1 1 1 1 1 1 1 1 2 1 2 1 1 1 1 1 1 1 1 2 1 1 1 1 2 2 2 1 1 1 1 1 1 1 1 1 2 1 1 2 1 1 1 2 1 1 1 1 1 1 1 2 1 1 1 1 1 1 2 2 1 1 1 1 1 2 2 1 1 1 1 1 1 1 1 1 1 1 1 1 1 2 1 1 1 1 2 1 2 1 1 1 2 1 2 1 1 1 1 2 1 1 1 1 1 1 1 2 1 1 1 1 1 1 2 1 1 1 1 1 1 1 1 1 1 2 2 1 1 1 1 1 2 1 1 1 1 1 1 1 1 1 1 1 1 1 1 1 1 2 1 1 1 1 1 1 1 1 1 1 1 1 1 2 2 1 1 1 1 1 1 2 2 1 2 1 1 2 1 2 2 1 1 1 1 1 1 1 1 1 1 1 2 1 1 1 1 2 1 1 1 1 1 1 1 1 1 2 1 1 1 1 1 1 1 1 1 2 2 1 1 2 1 2 2 1 2 2 1 1 1 1 1 1 1 1 1 1 1 1 1 1 1 2 2 1 1 1 1 1 1 2 1 1 2 1 1 1 1 1 1 1 1 1 1 1 1 1 1 1 2 1 2 1 1 1 1 2 1 1 1 1 1 1 1 2 1 1 1 1 1 1 2 2 1 1 1 1 1 1 2 1 1 1 1 1 2 2 1 1 2 1 1 1 1 2 1 1 1 1 1 2 1 1 1 1 1 1 1 1 1 1 1 1 2 2 2 1 1 1 1 1 1 1 1 1 1 1 2 1 1 1 1 1 1 2 1 1 1 1 1 1 1 1 1 1 1 1 1 1 1 1 2 2 1 1 2 2 1 1 1 1 1 1 1 2 1 1 1 1 2 1 1 1 1 1 1 1 1 1 1 1 1 1 2 1 1 1 1 1 1 1 1 1 1 1 1 1 1 2 1 1 1 1 1 1 1 1 1 2 1 1 1 1 1 1 1 1 1 1 1 1 1 1 1 1 1 1 1 1 1 2 1 1 2 1 1 1 1 2 1 1 1 1 1 1 1 1 1 2 1 1 1 1 1 1 1 1 1 1 1 1 1 1 1 1 1 1 1 1 1 1 1 1 1 1 1 1 1 1 1 1 1 1 1 1 2 1 2 1 1 1 2 1 1 1 1 1 1 1 1 2 1 2 1 1 1 1 1 1 1 1 1 1 2 1 1 1 1 2 1 1 1 1 1 2 1 1 1 1 2 1 1 1 1 1 2 1 1 2 1 1 1 1 1 1 1 1 1 1 1 1 2 1 1 1 1 1 1 1 2 1 1 1 1 1 1 1 1 1 1 1 1 2 1 1 1 1 1 1 1 1 1 1 1 1 1 2 1 2 1 1 1 1 2 1 2 1 1 1 2 2 1 2 2 1 1 2 1 1 2 1 1 1 1 1 1 1 1 1 1 1 1 1 1 1 2 1 1 1 2 1 1 2 1 1 1 1 1 1 1 1 1 1 2 1 1 1 1 2 1 1 2 1 2 1 1 1 1 1 1 1 1 2 1 1 1 2 1 2 2 1 1 1 2 1 2 1 1 1 1 1 2 2 1 1 1 1 1 1 1 1 1 1 1 1 1 1 1 1 1 1 1 1 2 2 2 1 1 1 1 1 1 1 1 2 1 1 1 1 1 1 2 2 1 1 2 2 1 1 1 2 1 2 1 1 1 2 2 2 1 2 1 1 1 1 1 1 1 1 1 1 1 1 1 1 1 1 1 1 1 1 1 1 1 1 1 1 2 1 1 1 1 2 1 1 1 1 1 1 1 1 1 1 1 1 1 1 1 1 1 2 1 1 1 2 1 1 1 1 1 2 1 2 1 2 1 2 1 1 1 1 2 1 1 1 1 1 1 1 1 1 1 1 1 1 1 1 1 1 1 1 1 1 1 1 1 1 1 1 1 1 2 1 1 2 1 1 1 1 1 2 1 1 1 1 1 1 1 1 1 1 1 1 1 1 1 2 1 1 2 2 1 1 1 1 1 1 1 1 1 1 2 2 2 1 1 1 1 1 2 1 1 1 1 1 1 1 1 1 1 1 2 2 1 1 1 1 1 1 1 1 1 1 1 2 2 1 1 1 1 2 1 1 1 1 1 1 1 1 2 1 1 1 1 1 1 2 1 1 1 1 1 1 1 1 1 1 1 1 1 1 2 2 1 1 2 1 1 1 2 1 1 1 2 1 2 2 1 1 1 1 2 1 1 2 1 1 1 2 1 1 1 1 1 1 1 1 1 2 1 1 1 1 1 1 2 1 1 1 2 1 2 2 1 2 1 2 1 1 1 2 1 1 1 1 1 1 1 1 2 1 1 1 1 1 1 1 1 1 1 1 1 1 2 1 1 2 2 1 1 1 1 2 1 2 1 1 1 1 1 1 1 1 2 1 1 1 1 1 1 2 1 1 1 1 1 1 2 1 1 1 1 1 1 1 1 2 1 1 1 1 1 2 1 1 2 2 1 1 1 1 1 2 1 1 2 1 1 1 1 1 1 1 1 2 1 2 1 2 2 1 1 1 2 1 2 1 1 1 1 1 1 1 1 2 1 1 2 1 1 2 1 1 1 1 1 1 1 1 2 1 2 1 1 1 1 1 1 1 1 1 2 1 1 2 1 1 1 1 1 1 1 1 2 1 1 1 1 1 1 1 1 2 1 1 1 2 2 2 1 2 1 1 1 1 1 1 1 1 1 1 1 2 1 1 1 1 1 1 1 1 1 1 1 1 2 1 1 1 1 1 2 1 1 1 1 2 1 1 1 1 1 1 1 1 1 1 1 1 1 1 1 1 1 1 1 2 1 1 1 1 1 1 1 1 2 2 2 1 1 1 1 1 1 1 1 1 1 1 1 1 1 1 1 1 1 1 2 1 1 1 1 1 2 1 1 1 1 1 1 1 1 1 1 1 1 1 2 1 1 1 1 1 2 1 1 1 1 1 2 2 1 1 1 1 1 1 1 1 1 2 1 1 1 1 1 1 2 2 1 1 1 1 1 1 1 1 1 1 2 2 1 1 2 1 1 1 1 1 1 1 1 1 2 1 1 1 1 1 1 1 2 1 1 1 1 1 1 1 1 1 2 1 1 1 1 2 1 1 1 1 1 1 1 1 1 1 1 1 1 1 2 1 1 1 1 1 1 1 2 1 1 1 1 2 1 1 1 2 1 1 2 1 1 1 1 1 1 1 1 1 2 2 1 1 1 1 1 1 2 1 2 1 1 1 1 2 1 2 1 2 1 1 1 1 1 1 1 1 2 1 1 1 1 1 1 1 1 2 2 1 1 1 1 2 1 1 1 1 1 1 1 2 1 2 2 1 1 1 1 1 2 1 1 2 1 1 1 1 1 1 1 1 1 1 1 1 1 1 2 1 1 1 1 1 1 1 1 1 1 1 1 1 2 1 1 1 1 2
1922
1 1 1 1 1 1 2 1 1 1 1 1 1 1 1 1 1 1 1 1 1 1 1 1 1 1 1 2 1 1 1 1 1 1 1 1 1 1 1 1 1 1 1 1 1 1 1 1 1 1 1 1 1 1 1 1 1 1 1 1 1 1 1 1 1 2 1 1 1 1 1 1 1 1 1 1 1 1 1 1 1 1 1 1 1 1 1 1 1 1 1 1 1 1 1 1 1 1 1 1 1 1 1 1 1 1 1 1 1 1 1 1 1 1 1 2 1 1 1 1 1 1 1 2 1 1 1 1 2 1 1 1 1 1 1 1 1 1 1 1 2 1 1 1 1 1 1 1 1 2 1 1 1 1 1 1 1 1 2 1 1 1 1 1 1 1 1 1 1 1 1 1 1 1 1 1 1 1 1 1 1 1 1 1 1 1 1 1 1 1 1 1 1 2 1 1 1 1 1 1 1 1 1 1 1 1 1 1 1 1 1 1 1 1 1 1 1 1 1 1 1 1 1 1 1 1 1 1 1 1 1 2 1 1 1 1 1 1 1 1 1 1 1 1 1 1 1 1 1 1 1 1 1 1 1 1 1 1 1 1 1 1 1 1 1 1 1 1 1 1 1 1 1 1 1 1 1 1 1 1 1 1 1 1 1 1 1 1 2 1 1 1 1 1 1 1 1 1 1 1 1 1 1 1 1 1 1 1 1 1 1 1 2 1 1 2 1 1 1 1 1 1 1 1 1 1 1 1 1 1 1 1 1 1 1 1 1 1 1 1 1 1 1 1 1 1 1 1 1 1 1 1 1 1 1 1 1 1 1 1 1 1 1 1 1 1 1 1 2 1 1 1 1 1 1 1 1 1 1 2 1 1 1 1 1 1 1 1 1 1 1 1 1 1 1 1 1 1 1 1 1 1 1 1 1 1 1 1 1 1 1 1 1 1 1 1 1 1 1 1 1 1 1 1 1 1 1 1 1 1 1 1 1 1 2 1 1 1 1 1 1 1 1 1 1 1 1 1 1 1 1 1 1 1 1 1 1 1 1 1 1 1 2 2 1 1 1 1 1 1 1 1 1 1 1 1 1 1 1 1 1 1 1 1 1 1 1 1 1 1 1 1 1 2 1 1 1 1 1 1 2 1 1 1 1 2 1 1 1 1 1 1 1 1 1 1 1 1 1 1 1 1 1 1 1 1 1 1 1 1 1 1 1 1 1 1 1 1 1 1 1 1 1 1 1 1 1 1 1 1 1 1 1 1 1 1 1 1 1 1 1 1 1 1 1 1 1 1 1 1 1 1 1 2 1 1 1 1 1 1 1 1 1 1 1 1 1 1 1 1 1 1 1 1 1 1 1 1 1 1 1 1 1 1 1 1 1 1 1 1 1 1 1 1 1 1 1 1 1 1 1 1 1 1 1 1 1 1 1 1 1 1 1 1 1 1 1 1 1 1 1 1 1 1 1 1 1 1 1 1 1 1 1 1 1 1 1 2 1 1 1 1 1 1 1 1 1 1 1 1 1 1 1 1 2 1 1 1 1 1 1 1 1 1 1 1 1 1 1 1 1 1 1 1 1 1 1 1 1 1 1 1 1 1 1 1 1 1 1 1 1 1 1 1 1 1 1 2 1 1 1 1 1 1 1 1 1 1 1 1 1 1 1 1 1 1 1 1 1 1 1 1 1 1 1 1 1 1 1 1 1 1 1 1 1 1 1 1 1 1 1 1 1 1 1 1 1 1 1 1 1 1 1 1 1 1 1 1 1 1 1 1 1 1 1 1 1 1 1 1 1 1 1 2 1 2 1 1 1 1 1 1 1 1 1 1 1 1 1 1 1 1 1 1 1 1 1 1 1 1 2 1 1 1 1 1 1 2 2 1 1 1 1 1 1 1 1 1 1 1 1 1 2 1 1 1 1 1 1 1 1 1 1 1 1 1 1 1 1 1 1 1 1 1 2 1 1 1 1 1 1 1 2 1 1 1 1 1 1 1 1 1 1 1 1 1 1 1 1 1 1 1 1 1 1 1 1 1 1 1 1 1 1 1 1 1 1 1 1 1 1 1 1 1 1 1 1 1 1 1 1 1 1 1 1 1 1 1 1 1 1 1 1 1 1 1 1 1 1 2 1 1 1 1 1 1 1 1 1 1 1 2 1 1 1 1 1 1 1 1 1 1 1 1 1 1 1 1 1 1 1 1 1 1 1 1 1 1 1 1 1 1 2 1 1 2 1 1 1 1 1 1 1 1 2 1 1 1 1 1 1 1 1 1 1 1 1 1 1 2 1 1 1 1 1 1 1 1 1 1 1 1 1 1 1 1 1 1 1 1 1 1 1 2 1 1 1 1 1 1 1 1 1 1 1 1 1 1 1 1 2 1 1 1 1 1 1 1 1 1 1 1 1 1 1 1 2 1 1 1 1 1 1 1 1 1 1 1 1 1 1 2 1 2 1 1 1 1 1 1 2 1 1 1 1 1 2 1 1 2 1 1 1 2 1 1 1 1 1 1 1 1 1 1 1 1 2 2 1 1 1 1 1 1 1 1 1 1 1 1 1 1 1 1 1 1 1 1 1 1 1 1 1 1 1 1 1 1 1 1 1 1 1 1 1 2 1 1 1 1 1 1 1 1 1 1 1 1 1 1 1 1 1 1 1 1 1 1 1 1 1 1 1 1 1 1 1 1 1 1 1 1 1 1 1 1 1 1 1 1 1 1 1 1 1 1 1 1 1 1 1 1 1 1 1 1 1 1 1 1 1 1 1 1 1 1 1 2 1 1 1 1 1 1 1 1 1 1 1 1 1 1 1 1 1 1 1 1 1 1 2 1 1 1 1 1 1 1 1 1 1 1 1 1 1 1 1 2 1 1 1 1 1 1 1 1 1 1 1 1 1 1 1 1 1 1 1 1 1 1 1 1 1 1 1 1 1 2 1 1 1 1 1 1 1 1 2 1 1 1 1 1 1 1 1 1 2 1 1 1 1 1 1 1 1 1 1 1 1 1 1 1 1 2 1 1 1 1 1 1 1 1 1 1 1 1 1 1 1 1 1 2 1 1 1 1 2 1 1 1 1 1 1 1 1 1 1 1 1 1 1 1 1 1 1 1 1 1 1 1 1 1 1 1 1 1 1 1 1 1 1 1 1 1 1 1 1 1 1 1 1 1 1 2 1 2 1 1 1 1 1 1 1 1 1 1 1 1 1 1 1 1 1 1 1 1 1 1 1 1 1 1 1 1 1 1 1 1 1 1 1 1 1 1 1 1 1 1 1 1 1 1 2 1 1 1 1 1 2 1 2 1 1 1 1 1 1 1 1 1 1 1 1 1 1 1 1 1 1 1 1 1 1 1 1 1 1 1 1 1 1 1 1 1 1 1 1 1 1 1 1 1 1 1 1 1 1 1 1 1 1 1 1 1 1 1 1 1 1 1 1 1 1 1 1 1 1 1 1 2 2 1 1 1 1 1 1 1 2 1 1 1 1 1 2 1 1 1 1 1 1 1 1 1 1 1 2 1 2 2 1 1 1 1 1 1 1 1 1 1 1 1 1 1 1 2 1 1 1 1 1 1 1 1 1 1 1 1 1 1 1 1 1 1 1 1 1 1 1 1 1 1 1 1 1 1 1 1 2 1 1 1 1 1 1 1 1 2 1 1 1 1 1 1 1 1 1 1 1 1 1 1 1 1 1 1 1 1 1 1 1 1 1 1 1 1 1 1 1 1 1 1 2 1 1 1 1 2 1 1 1 1 1 1 1 1 1 1 1 1 2 1 1 1 1 2 1 1 1 1 1 1 1 1 1 1 1 1 1 1 1 1 1 1 1 1 1 1 1 1 1 1 1 1 1 1 1 1 1 1 1 1 1 1 1 1 1 1 2 1 1 1 1 1 1 1 1 1 1 1 1 1 1 1 1 1 1 1 1 1 1 1 1 1 1 1 1 1 1 1 1 1 2 1 1 1 1 1 1 1 1 1 1 1 1 1 1 1 1 1 1 1 1 1 1 1 1 1 1 1 1 1 1 1 1 1 1 1 1 1 1 1 1 1 1 1 2 1 1 2 1 1 1 1 1 1 1 1 1 1 1 1 1 1 1 1 1 1 1 1 1 1 1 1 1 1 1 1 1 1 1 1 1 1 1 1 1 1 1 1 1 1 1 1 1 1 1 1 1 1 1 1 1 1 1 1 1 1 1 2 1 1 1 1 1 1 2 1 1 1 1 1 1 1 1 1 1 1 1 1 1 1 1 1 1 1 1 1 1 1 1 1 2 1 1 1 1 1 1 2 1 1 1 1 1 1 1 1 1 1 1 1 1 1 1 1 1 1 1 1 1 1
1850
1 1 1 1 1 1 1 1 1 1 1 1 1 1 1 1 1 1 1 1 1 1 1 1 1 1 1 1 1 1 1 1 1 1 1 1 1 1 2 1 1 1 1 1 1 1 1 1 2 1 1 1 2 1 1 1 2 1 1 1 1 1 1 1 1 1 1 1 1 1 1 1 1 1 1 2 1 1 1 1 1 1 2 2 1 1 1 1 1 1 2 1 1 1 1 1 1 1 2 1 1 2 1 1 2 1 1 1 1 1 1 1 1 1 1 1 1 1 1 1 1 1 1 1 1 1 1 1 1 1 1 1 1 1 1 1 1 1 2 1 1 1 1 1 1 1 1 1 1 1 1 2 1 1 1 1 1 1 1 1 1 1 1 1 1 1 1 1 2 1 1 1 1 1 1 1 1 1 1 1 1 1 1 1 1 1 1 1 1 1 2 1 2 1 1 1 1 1 1 1 1 1 1 1 1 1 1 1 1 1 1 1 1 1 1 1 1 1 1 1 1 2 1 1 1 1 2 1 1 1 1 1 1 1 1 1 1 1 1 1 1 1 1 1 1 1 1 1 1 1 1 1 1 1 1 1 1 1 1 1 1 1 1 1 1 1 1 1 1 2 1 1 1 1 1 1 1 1 1 1 1 1 1 1 1 1 1 1 1 1 1 1 2 1 1 1 1 1 1 1 1 1 1 1 1 2 1 1 1 1 1 1 1 1 1 1 1 1 1 1 2 1 1 1 1 1 1 1 1 1 1 1 1 1 1 2 1 1 1 1 1 1 1 1 1 1 1 1 1 1 1 1 1 1 1 1 1 1 1 1 1 1 1 1 1 1 1 1 1 1 1 2 1 2 1 1 1 1 1 1 1 1 1 1 1 1 1 1 1 1 1 1 1 1 1 1 1 1 1 1 1 1 1 2 1 1 1 1 1 1 1 1 1 1 1 1 1 1 1 1 1 1 1 1 1 1 1 1 1 1 1 1 1 1 1 1 1 1 1 1 1 1 1 1 1 1 1 1 1 2 1 1 1 1 1 1 1 1 1 1 1 1 1 1 1 1 1 1 1 1 1 1 2 1 1 1 1 1 1 1 1 1 1 1 2 1 1 1 1 1 2 1 1 1 1 1 1 1 1 1 1 1 1 1 1 1 1 1 1 1 1 1 1 1 1 1 2 2 1 1 1 1 1 1 1 1 1 2 1 1 1 1 1 1 1 1 1 2 1 1 1 1 2 1 1 1 1 2 1 1 1 1 1 1 1 1 1 1 1 1 1 1 1 1 1 1 1 1 1 2 1 1 1 1 1 1 1 1 1 1 1 1 1 1 1 1 1 1 1 1 1 1 1 1 1 1 1 1 1 1 1 1 1 1 1 1 1 1 1 1 1 1 1 1 1 1 1 1 1 1 1 1 1 1 1 1 2 1 1 1 1 1 1 2 1 1 1 1 1 1 1 1 1 1 1 1 1 2 1 1 1 1 1 1 2 1 1 1 1 1 1 1 1 1 1 1 1 1 2 1 1 1 1 1 1 1 1 1 1 1 1 1 1 1 1 1 1 1 1 1 1 1 1 1 1 1 1 1 2 1 1 1 1 1 2 1 1 2 1 1 2 1 1 1 1 1 1 1 1 1 2 1 1 1 1 1 1 1 1 1 1 1 1 1 1 1 1 1 1 1 1 1 1 1 1 1 1 1 1 1 1 1 1 1 1 1 1 1 1 1 1 2 1 1 1 1 2 1 1 1 1 1 1 1 2 1 1 1 1 1 1 1 1 1 1 1 1 1 1 1 1 1 1 1 1 1 1 1 1 2 1 1 1 1 1 1 2 1 1 1 2 1 1 1 1 2 1 1 2 1 1 2 1 1 1 1 1 1 1 1 1 1 1 1 1 1 1 1 1 1 1 1 1 1 2 1 1 1 1 1 1 1 1 1 1 1 1 1 1 1 1 1 1 1 1 1 1 1 1 1 1 1 1 1 1 2 1 1 2 1 1 1 1 2 1 1 1 1 1 1 1 1 1 1 1 1 1 1 1 1 1 1 1 1 1 1 1 1 1 1 1 1 1 1 2 1 1 1 1 1 1 1 1 2 1 1 1 2 1 1 1 1 1 1 2 1 1 2 1 1 1 2 1 1 1 1 1 1 1 1 1 1 1 1 1 1 1 1 1 1 1 1 1 1 1 1 1 1 1 1 1 1 1 1 2 1 1 1 1 1 1 1 1 2 1 1 1 1 1 1 1 1 1 1 1 1 1 1 1 1 1 2 1 1 1 1 2 1 1 1 1 1 1 1 1 1 1 1 1 1 1 1 1 1 1 1 1 1 1 1 1 1 1 1 1 1 1 1 1 1 2 2 1 2 2 1 1 1 1 1 1 1 1 1 1 1 1 1 1 1 1 2 1 1 1 1 1 1 1 1 1 1 1 1 1 1 1 1 1 1 1 1 1 1 2 1 1 1 1 2 1 1 1 1 1 1 1 1 1 1 1 1 2 1 1 1 1 1 1 1 1 1 1 1 1 1 1 1 1 1 1 1 1 1 1 1 1 1 1 1 1 1 1 2 1 1 1 1 1 1 1 1 1 1 1 1 1 1 1 1 1 1 1 1 1 1 1 1 1 1 1 1 1 1 1 1 1 1 1 1 2 1 1 1 1 1 1 2 1 2 1 1 1 1 1 1 1 1 1 1 1 1 1 1 2 1 1 2 1 1 2 1 1 1 1 1 1 1 1 1 1 1 1 2 1 1 1 1 1 1 1 1 1 1 1 1 1 1 1 1 1 1 1 1 1 1 1 1 1 1 1 1 1 1 1 1 1 2 1 1 1 1 1 1 1 2 1 1 2 1 1 1 1 1 1 1 1 1 1 1 1 1 1 2 1 1 1 2 1 1 1 1 1 1 1 1 1 1 1 1 1 1 1 1 1 1 1 1 1 2 2 1 1 2 2 1 1 1 1 1 1 1 1 1 1 1 1 1 2 1 1 1 1 1 1 1 1 1 1 1 1 1 1 1 1 1 1 1 1 2 1 1 1 1 2 1 1 2 1 1 1 2 1 1 1 1 1 1 1 1 1 1 1 1 2 1 1 1 1 1 2 1 1 1 1 1 1 1 1 1 1 1 1 1 1 1 1 1 1 1 1 1 1 1 1 1 1 1 1 1 1 2 1 1 1 1 1 1 1 1 1 1 1 1 1 1 1 1 1 2 1 1 1 1 1 1 1 1 1 1 1 1 1 1 1 1 1 1 1 1 1 1 1 1 1 1 1 1 1 1 1 1 1 1 1 1 1 1 1 1 1 1 1 1 1 1 1 1 1 1 1 1 1 1 1 1 1 1 1 1 1 1 1 1 1 1 1 1 1 1 1 1 1 1 1 1 1 1 1 1 1 1 1 1 1 1 1 1 1 1 1 2 1 1 1 1 1 1 1 1 1 1 1 1 1 1 1 1 1 1 1 1 1 1 1 1 1 1 2 1 1 1 1 1 1 1 1 1 1 1 1 1 1 1 1 1 1 1 1 1 1 1 1 1 1 1 1 1 1 1 1 1 1 1 1 1 2 2 1 1 1 1 2 1 1 1 1 1 1 1 1 1 1 1 1 1 1 1 1 1 1 1 1 1 1 1 1 1 1 1 1 1 2 1 2 1 1 1 2 1 1 1 1 1 1 1 1 1 1 1 1 1 1 1 1 1 1 1 1 2 1 1 1 1 1 1 1 1 1 1 1 1 1 1 1 2 1 1 1 1 1 1 1 1 1 1 1 1 1 1 1 1 1 1 1 1 1 1 1 1 1 1 1 1 1 1 1 1 1 1 1 1 1 1 1 1 1 1 1 1 1 1 1 1 1 1 2 1 1 1 1 1 1 1 1 1 1 1 1 1 1 1 2 1 1 1 1 1 1 1 1 1 1 2 1 1 1 1 1 1 1 1 1 2 1 1 2 1 1 1 1 1 1 1 1 1 1 2 2 2 1 1 1 1 1 1 1 1 1 1 1 1 2 1 1 1 1 1 1 1 1 1 1 1 1 2 1 1 1 1 1 1 1 1 1 1 1 2 1 1 1 1 1 1 1 1 1 1 1 1 1 1 2 1 1 1 1 1 1 1 1 1 1 1 1 1 1 1 1 1 1 1 1 1 1 1 1 1 1 2 1 1 1 1 1 1 1 1 1 1
706
2 1 1 2 2 3 3 3 2 3 2 1 3 2 1 1 1 1 1 2 2 2 2 3 1 2 2 1 2 3 2 1 3 2 2 2 3 2 1 3 2 2 2 2 1 2 2 1 3 1 2 2 3 3 2 2 1 1 2 1 2 3 2 3 2 1 3 2 3 3 1 1 2 1 3 1 2 1 1 1 1 2 1 1 1 1 1 3 3 3 3 3 1 2 3 2 2 3 2 2 2 1 1 2 1 1 3 2 2 2 1 3 2 2 2 2 3 2 3 2 2 2 2 2 1 2 2 2 2 3 3 3 1 1 1 2 3 2 2 1 3 2 3 2 1 1 1 2 1 1 2 2 3 3 1 2 1 2 2 1 1 2 1 3 3 1 1 1 3 3 1 3 2 1 1 2 3 1 2 2 1 2 1 1 3 1 1 2 1 1 3 1 1 3 1 1 3 3 3 1 2 2 3 3 2 3 1 2 1 3 1 2 3 1 2 2 2 1 1 3 3 2 2 1 1 2 1 2 1 3 3 1 2 2 2 3 3 2 1 1 3 1 2 1 2 1 3 2 3 1 2 2 2 3 3 2 3 2 3 3 1 3 3 1 3 3 2 1 3 2 1 3 1 1 1 2 1 2 1 1 2 1 2 3 2 2 3 2 2 1 2 2 1 2 2 1 3 1 1 2 3 1 3 1 3 1 2 2 2 1 2 2 3 1 1 2 3 2 2 1 3 2 2 1 2 1 3 1 2 2 1 2 1 3 1 2 2 2 2 2 1 2 1 3 1 2 3 1 1 1 1 3 1 3 2 3 3 2 1 2 1 1 2 2 1 3 3 2 3 2 2 1 1 2 2 2 1 3 3 2 2 3 1 3 2 1 2 3 3 1 1 2 3 1 1 3 2 2 1 1 3 1 1 2 1 2 2 3 2 2 2 3 1 1 3 3 1 3 3 1 3 1 3 1 1 1 3 3 2 3 2 3 1 2 3 1 1 2 1 1 2 1 1 2 1 3 3 3 1 2 1 3 3 1 3 1 3 2 2 1 2 1 2 1 1 1 3 2 2 1 3 3 1 3 1 1 3 3 1 1 3 3 3 2 1 3 2 1 2 1 2 2 3 1 1 3 3 2 1 3 1 2 1 2 2 2 1 2 3 1 3 1 3 1 2 1 2 3 1 2 3 2 1 3 2 1 2 1 1 1 3 3 3 1 2 3 1 3 1 1 1 2 1 3 2 3 1 3 1 2 2 2 3 1 2 2 2 3 1 3 1 2 3 2 1 1 3 1 3 2 2 3 2 2 1 2 3 2 3 2 2 2 1 1 2 1 3 2 1 2 1 1 3 1 3 1 1 1 1 2 3 2 2 2 1 3 1 1 3 1 1 1 2 2 2 1 1 2 1 2 3 2 3 2 2 2 1 3 3 3 1 2 1 1 2 1 3 2 1 1 2 3 3 2 2 1 1 3 2 1 3 1 2 2 2 1 1 2 1 2 1 1 2 1 1 2 1 2 3 2 1 1 2 2 1 3 1 2 2 2 3 3 1 1 2 3 3 3 2 2 1 1 1 3 2 1 2 3 1 1 2 3 1 2 3 2
1569
1 1 1 1 1 1 1 2 1 2 2 1 1 1 2 2 1 1 2 1 1 2 1 1 1 1 1 1 2 1 1 1 1 1 1 2 2 1 1 1 1 1 1 1 2 1 1 1 1 1 2 1 1 1 1 2 1 2 1 1 1 1 1 1 1 2 2 1 1 1 1 1 1 1 2 1 1 1 1 1 1 1 1 2 1 1 1 1 2 1 2 1 2 2 1 1 2 1 1 1 2 1 1 1 1 1 1 1 1 1 1 2 1 1 1 1 2 2 1 1 1 1 1 2 1 1 1 1 1 1 1 1 1 1 1 1 1 2 1 1 1 1 1 2 2 1 1 1 2 1 1 1 1 1 1 2 2 1 2 1 1 1 1 1 1 1 1 2 1 1 1 1 1 2 1 1 1 1 1 1 1 1 1 1 1 1 1 1 1 1 1 2 1 1 2 1 1 1 1 1 1 2 1 1 1 1 1 1 2 1 1 1 1 2 1 1 1 1 1 1 2 1 1 1 2 1 2 1 1 1 1 1 1 1 1 2 1 1 2 1 1 2 2 2 1 2 1 1 1 1 1 1 1 1 2 1 1 1 1 2 1 1 1 2 1 1 2 1 1 1 1 1 1 2 1 2 1 1 1 2 1 2 2 1 1 2 1 1 1 1 1 1 1 1 1 2 1 2 1 2 1 2 1 2 1 2 1 1 1 1 1 1 1 2 2 1 1 1 1 1 1 1 2 1 1 2 1 1 1 1 1 1 1 1 1 1 1 1 1 2 1 2 1 1 1 2 1 2 1 1 1 1 1 1 1 1 1 2 1 1 1 1 1 2 1 1 1 1 1 1 1 2 2 1 2 1 2 2 2 1 1 2 2 1 1 1 1 1 2 1 1 1 1 2 1 2 1 1 2 1 1 1 2 2 2 2 1 1 1 1 1 2 1 2 1 2 2 2 2 1 1 2 1 1 1 1 1 1 1 2 2 1 1 1 2 1 2 1 1 2 1 1 1 1 2 1 1 1 1 2 1 2 1 1 1 1 1 1 2 1 1 1 1 1 1 1 2 1 1 1 1 1 2 2 1 1 2 1 1 1 2 1 2 1 2 1 1 1 1 1 1 1 2 1 2 2 1 1 2 1 1 1 1 1 1 1 1 2 1 1 2 1 1 1 1 1 2 1 1 1 1 2 1 1 1 1 2 1 1 1 1 1 1 1 1 1 1 1 1 1 1 1 1 1 2 1 1 1 1 2 1 1 1 1 2 1 1 1 2 1 1 1 1 1 1 1 1 1 1 1 2 2 1 2 2 2 1 1 1 1 1 2 1 1 1 1 2 2 1 1 1 1 1 1 1 1 1 1 1 2 2 1 1 1 1 1 1 2 2 1 1 2 1 2 1 1 2 1 1 2 1 1 1 1 2 1 1 1 1 1 2 1 1 2 1 1 1 2 1 1 1 1 1 1 2 2 1 2 1 1 1 2 1 1 1 1 2 1 1 1 1 1 1 2 1 1 2 2 1 1 1 1 2 1 1 1 1 1 1 1 1 1 1 2 2 1 1 1 1 1 1 1 2 1 1 1 1 1 1 2 1 1 1 1 2 2 1 1 1 1 1 1 1 2 1 1 1 1 2 1 2 1 1 1 1 1 2 1 1 1 2 1 1 2 1 1 2 1 1 1 1 1 1 1 2 1 1 1 1 1 1 1 1 1 1 2 1 1 1 2 1 1 1 1 1 1 1 2 1 1 2 2 1 1 2 1 1 1 1 1 1 1 1 1 1 1 1 1 2 1 1 1 1 1 1 2 2 2 1 1 1 1 1 1 1 1 1 1 1 1 2 1 1 1 1 1 1 1 1 1 1 1 1 1 1 1 2 1 1 1 2 1 1 2 1 1 2 1 1 1 1 2 1 1 1 1 2 2 2 2 1 1 2 1 1 2 1 1 2 1 1 2 2 1 1 1 1 2 1 1 1 1 2 2 2 1 1 1 1 2 1 1 1 1 1 1 1 1 1 1 1 1 1 1 2 1 2 2 1 1 1 1 1 1 1 2 1 1 1 2 1 1 1 1 1 1 1 1 2 1 1 1 1 2 1 1 2 1 1 1 1 1 1 1 1 2 2 2 1 1 1 2 1 1 1 1 1 1 1 1 1 2 2 1 1 1 2 1 2 1 2 1 2 1 1 1 1 1 1 1 1 1 1 1 1 1 1 1 2 2 1 1 1 2 1 1 1 2 1 1 1 2 1 1 1 2 1 1 1 1 1 1 1 1 1 1 1 1 2 1 1 1 1 1 1 1 2 1 1 2 1 1 1 1 2 1 1 1 1 1 1 2 1 1 1 1 2 1 1 1 1 1 2 1 1 1 1 1 1 1 1 1 1 1 2 1 2 2 1 2 1 1 1 1 1 2 1 1 2 1 1 1 1 2 2 1 1 2 2 1 1 2 1 2 1 1 2 1 1 1 2 2 2 1 1 1 1 1 1 1 1 1 1 1 1 1 1 1 1 1 1 1 1 1 1 1 1 1 2 2 1 1 2 1 1 1 1 2 1 1 1 1 1 1 1 2 1 1 1 1 1 1 2 1 1 1 1 1 1 2 1 2 1 1 2 1 1 2 1 1 2 1 2 1 2 1 2 1 1 1 1 1 1 1 1 1 2 1 1 1 1 2 1 1 1 2 1 2 1 1 1 1 2 1 1 1 1 1 2 1 1 1 2 1 2 1 2 1 1 2 1 1 1 2 2 2 1 1 1 2 1 1 1 1 1 1 2 2 1 1 1 1 1 1 1 1 1 1 1 1 1 1 1 1 1 1 1 1 2 2 1 1 2 2 1 1 2 2 1 1 2 1 2 1 1 1 1 1 1 1 1 1 1 2 1 2 1 1 1 1 2 1 2 1 1 1 1 2 1 1 1 1 1 1 1 1 1 1 1 1 1 1 1 2 2 1 1 1 2 1 2 1 1 1 1 2 1 2 1 1 2 1 1 2 1 2 1 1 1 1 1 1 2 1 1 1 2 2 1 1 1 2 1 1 2 1 1 1 2 1 2 1 1 1 1 1 1 1 1 2 1 1 1 2 1 1 1 1 1 1 2 1 1 1 1 2 1 1 1 2 1 2 2 1 1 1 1 1 1 2 2 1 1 2 2 1 1 1 1 1 1 1 1 2 1 2 2 1 1 1 1 1 2 2 1 1 1 1 2 1 1 2 1 2 1 1 1 1 1 2 2 1 2 1 1 2 1 1 1 1 1 1 1 1 1 1 1 1 1 1 1 1 2 1 1 1 1 1 2 1 1 1 1 1 1 2 1 1 1 1 1 1 1 1 2 1 2 1 1 1 2 1 1 1 1 1 1 1 1 2 1 1 1 1 1 1 1 1 2 1 2 1 1 1 1 1 1 1 1 2 1 1 1 2 1 2 2 1 1 1 1 1 1 2 2 1 1 1 1 1 2 1 2 1 1 1 2 1 1 2 1 1 1 1 1 1 1 1 1 1 1 2 1 2 2 1 1 2 2 2 2 1 2 1 2 1 2 1 2
296
1 3 7 5 4 3 6 4 2 7 5 1 6 7 2 5 3 3 2 7 5 4 4 5 7 7 3 7 1 1 4 7 3 5 2 3 5 7 5 7 2 2 7 5 6 6 4 3 3 3 5 4 5 2 2 4 2 6 3 2 2 6 2 2 2 7 5 6 7 7 4 5 2 2 5 2 7 1 1 6 7 2 4 4 1 3 2 4 1 3 1 3 5 3 6 1 3 3 2 6 4 1 5 1 1 6 3 4 6 3 5 2 2 4 3 2 7 3 5 6 1 5 6 5 3 7 1 2 2 5 1 6 2 1 6 7 1 2 4 5 2 6 4 1 3 1 6 4 5 1 2 6 4 1 3 5 4 3 6 1 5 5 2 5 4 4 4 6 3 4 2 5 4 3 4 7 7 2 7 7 6 7 1 7 1 2 7 6 3 3 3 2 3 2 3 4 4 5 3 1 1 5 7 5 5 5 7 1 6 4 5 5 5 1 7 4 7 7 7 2 7 3 1 6 6 5 3 6 6 1 5 1 6 2 4 3 1 6 3 3 4 5 1 4 4 3 6 4 6 4 1 2 2 4 1 1 5 1 6 5 7 6 5 7 5 2 5 1 4 6 2 4 7 4 5 4 1 4 3 1 4 2 3 4 3 5 4 6 5 3 2 6 4 1 5 6
1069
1 2 2 2 2 1 2 2 2 1 1 2 1 2 1 1 2 2 1 2 1 1 1 2 1 1 1 1 2 2 2 1 2 2 2 2 1 1 2 2 1 2 1 2 2 1 2 2 1 1 1 1 1 2 1 1 2 1 1 1 2 1 2 2 1 1 1 2 2 2 2 1 2 2 1 1 1 2 2 1 2 2 1 2 1 2 2 2 2 2 1 1 1 2 2 2 2 1 2 2 1 1 2 1 2 1 2 2 2 2 2 2 2 1 2 1 2 2 1 1 2 2 2 1 2 1 1 2 2 2 1 2 2 1 1 1 2 2 2 2 2 1 1 2 1 2 2 2 2 2 2 2 2 1 2 1 2 2 2 1 1 2 1 1 2 1 1 1 2 1 1 2 1 2 2 1 1 1 1 2 1 2 2 2 2 1 1 1 1 1 1 2 1 1 2 2 2 2 2 1 2 1 2 1 1 1 1 1 2 1 1 2 1 2 1 2 2 2 1 1 2 1 1 2 2 2 1 2 2 1 1 2 1 2 1 2 1 2 1 1 1 1 2 1 1 1 1 2 1 1 1 2 2 1 2 2 1 1 2 2 1 2 1 1 1 2 1 1 1 2 1 1 2 2 1 1 2 1 1 1 2 1 1 1 2 1 2 2 1 1 2 2 1 1 2 2 1 1 1 2 2 2 2 2 2 1 1 1 2 2 1 2 1 2 2 1 2 1 2 1 1 1 1 2 1 1 2 2 1 2 2 2 1 1 2 1 2 2 1 2 1 1 2 2 1 2 1 1 2 2 2 1 2 1 1 2 2 2 2 2 2 2 1 1 1 1 2 1 1 2 1 1 1 1 1 2 1 1 1 2 2 1 1 1 1 2 1 1 2 1 1 1 2 1 1 1 1 1 1 2 1 1 1 1 1 2 1 1 2 2 2 2 2 2 1 2 1 2 2 1 2 1 1 1 2 1 2 2 1 1 2 1 2 1 2 2 2 1 1 1 1 1 2 2 1 1 1 1 2 1 1 1 2 2 2 1 2 1 2 1 2 1 2 2 1 2 2 1 2 2 2 1 2 2 2 2 1 1 2 1 2 1 1 2 1 1 2 2 1 1 1 2 1 2 1 1 1 2 2 1 2 2 1 2 2 1 2 1 2 2 1 2 1 1 2 2 2 1 1 2 1 2 2 1 2 2 1 1 1 2 2 1 1 2 1 1 1 1 1 2 1 1 1 2 2 2 2 1 2 1 2 2 1 2 2 2 2 1 1 1 1 1 2 2 2 2 2 2 1 1 1 2 1 2 1 2 2 1 2 2 2 2 1 2 1 1 2 2 1 2 2 1 1 1 2 2 1 2 2 1 2 1 2 2 1 1 1 1 2 1 2 1 1 2 2 2 1 1 1 1 1 1 1 1 2 2 1 2 2 2 2 2 2 2 2 1 2 2 2 2 2 2 1 1 2 1 1 1 1 2 2 2 1 1 2 2 1 1 1 1 1 2 2 1 1 2 1 1 2 2 1 2 2 2 1 2 2 1 2 2 2 1 2 1 1 2 2 1 2 2 2 1 2 2 2 1 1 1 2 2 2 2 2 1 2 1 1 1 1 1 1 1 2 2 1 1 2 2 1 2 1 1 1 2 2 2 1 1 1 1 1 1 2 1 2 2 1 1 1 1 2 1 1 1 2 1 1 2 1 1 1 2 1 1 1 1 1 2 2 1 2 1 1 2 1 1 2 2 1 1 2 1 2 2 2 1 1 1 2 2 1 1 2 1 2 2 1 1 1 1 2 1 2 1 2 1 1 2 1 1 1 1 2 1 2 1 1 1 2 2 1 1 1 2 1 2 2 2 2 1 2 1 1 2 1 2 2 2 2 1 1 1 2 1 2 2 1 1 2 2 2 2 1 1 1 2 1 2 1 1 1 2 2 1 1 2 1 2 1 2 1 1 2 2 2 2 2 1 1 1 1 1 2 2 1 2 2 1 2 1 2 2 2 2 2 1 1 2 2 1 2 1 2 1 2 1 1 2 1 2 2 2 2 1 2 1 2 2 1 1 1 1 2 2 2 1 2 1 2 2 1 1 1 2 1 1 1 1 1 2 1 2 1 1 2 2 2 2 1 1 1 1 1 1 2 1 2 2 1 2 1 1 2 1 2 1 1 2 1 2 1 2 2 2 2 2 2 1 2 1 1 2 1 1 2 2 2 1 1 1 2 1 1 2 2 1 2 2 2 2 1 2 2 2 1 1 2 1 1 2 1 2 2 2 1 1 1 2 1 1 1 1 1 1 2 1 1 2 2 2 2 2 2 1 2 2 2 1 1 1 1 1 2 1 2 1 1 1 1 1 1 2 1 1 1 2 1 2 2 2 1 1 1 1 2 2 2 1 2 1 2 2 1 1 1 1 2 1 2
926
2 1 3 2 2 2 2 2 2 1 2 2 2 2 2 1 1 2 2 1 2 2 2 2 2 2 3 2 1 2 3 1 2 1 2 1 1 1 3 2 2 3 2 1 2 2 2 2 2 2 2 1 2 1 2 2 2 1 2 2 1 2 1 1 1 1 1 1 3 1 1 2 1 2 2 1 1 1 3 1 2 1 1 2 2 2 2 2 2 1 1 2 2 1 3 1 2 2 1 2 2 1 3 2 2 2 2 1 1 3 2 1 1 1 2 1 1 2 1 2 1 1 1 2 3 1 3 2 1 2 2 1 1 1 2 2 1 2 2 2 2 1 2 1 1 2 1 1 2 1 2 2 3 2 2 2 1 2 3 2 2 1 2 1 2 2 3 1 1 2 3 2 2 1 1 2 2 1 2 2 1 1 2 2 1 2 1 1 2 1 1 2 2 1 2 1 2 1 2 3 1 1 1 1 1 1 2 2 1 2 1 2 1 2 1 1 1 1 2 1 2 2 2 1 1 1 1 3 1 1 2 2 1 1 2 2 1 2 2 2 1 1 2 2 1 2 1 2 2 3 1 2 1 2 1 1 2 2 1 2 2 2 1 3 2 1 2 1 1 1 2 1 2 2 2 1 1 1 1 2 1 2 1 1 2 2 2 1 2 3 1 1 1 2 2 3 2 1 2 3 1 2 1 2 2 1 2 2 1 2 1 1 2 2 2 2 3 2 2 2 1 1 1 2 1 2 2 1 2 1 2 1 2 1 2 1 2 1 1 1 1 2 2 1 2 2 1 1 1 1 1 3 1 1 3 1 1 1 3 2 2 1 1 2 1 2 2 2 2 1 2 2 2 1 2 2 1 1 2 1 2 1 1 2 2 2 1 1 2 2 2 3 2 1 1 1 2 3 2 1 3 1 1 1 2 1 2 1 1 1 2 2 2 1 1 3 2 2 2 2 2 2 1 2 1 1 2 1 1 2 2 1 1 2 1 1 2 2 2 1 1 2 1 3 2 2 2 2 2 2 1 2 2 2 1 1 2 1 1 2 1 2 2 2 1 1 3 3 2 1 2 3 2 2 2 1 1 1 1 1 2 3 1 2 1 1 1 1 3 1 1 2 1 1 2 2 3 1 2 1 2 1 2 3 1 1 1 2 1 1 1 2 2 2 1 2 2 2 1 2 2 2 1 1 2 1 2 2 2 2 1 2 2 1 2 3 1 2 2 2 1 1 2 1 2 3 1 2 3 2 2 3 2 1 1 1 2 2 1 2 1 1 1 2 1 1 2 2 1 2 2 2 1 1 1 2 3 2 1 1 2 1 1 1 1 1 2 2 1 1 1 1 2 1 2 1 2 1 3 1 3 2 2 2 1 2 2 3 2 2 1 2 1 1 2 1 2 2 3 2 2 1 1 1 3 3 1 2 1 1 2 3 2 2 2 2 1 1 3 2 1 2 1 2 2 1 2 2 2 1 2 1 2 2 1 2 3 1 1 2 1 1 2 2 3 3 2 2 1 1 1 1 2 1 1 2 1 2 1 3 2 2 2 1 2 3 2 1 2 1 2 2 2 2 2 2 2 2 2 3 1 2 2 2 2 2 2 2 2 2 2 1 2 2 2 1 2 1 2 1 1 2 1 1 1 2 1 2 2 1 2 1 2 1 3 2 1 3 2 1 1 1 2 2 1 2 1 1 2 2 2 1 2 2 2 2 1 2 2 1 2 1 1 2 1 1 1 1 2 2 1 2 2 2 2 2 2 2 1 2 1 1 1 1 2 3 3 1 1 2 1 2 2 1 2 1 1 1 1 3 2 1 2 1 1 2 1 2 2 1 1 2 2 3 1 2 1 1 2 3 1 2 2 2 1 1 2 2 1 2 1 2 1 2 1 3 1 3 2 1 1 1 2 2 1 1 1 1 2 1 2 2 1 3 1 1 3 2 2 1 2 1 2 1 2 2 2 1 2 2 1 2 1 3 2 1 2 2 2 1 1 1 2 2 2 1 1 2 2 1 2 2 1 3 1 1 3 1 2 2 2 3 1 2 1 1 1 2 1 1 2 3 1 1 2 2 1 2 2 1 1 1 1 1 2 2
125
13 4 1 15 12 6 4 15 15 4 1 12 10 1 11 13 9 8 15 16 7 6 11 12 13 13 7 4 15 13 6 12 4 7 6 1 14 4 14 8 13 14 10 16 1 7 16 12 7 1 3 2 14 15 1 9 4 1 15 8 2 8 6 5 1 14 1 1 16 16 15 1 6 5 6 4 8 15 4 6 12 6 5 4 14 9 16 4 6 4 12 4 16 4 14 13 11 6 3 7 14 14 13 9 16 11 13 11 3 1 5 3 12 1 9 16 1 7 4 10 14 15 2 13 1
592
2 2 1 2 2 3 1 2 3 1 2 3 2 3 1 3 3 2 3 3 2 3 3 3 1 4 4 2 1 1 3 3 1 3 4 2 1 2 2 3 2 3 2 3 2 1 2 1 3 4 2 3 4 2 2 2 3 4 3 1 1 3 2 2 3 1 1 3 3 1 1 1 3 1 1 2 2 2 2 4 2 4 1 2 1 1 1 1 3 3 1 1 2 3 1 3 1 3 3 1 2 4 1 4 1 1 2 2 3 3 3 2 3 3 2 2 4 2 3 2 1 3 4 2 3 3 4 1 1 4 3 3 1 3 2 3 4 3 3 2 2 3 1 2 3 3 3 3 1 2 4 1 2 2 1 1 1 3 1 3 1 1 1 2 4 3 3 1 2 3 3 1 3 2 2 1 2 2 1 2 3 3 3 3 3 1 1 4 3 3 3 3 3 3 3 1 2 2 1 3 1 3 2 2 1 2 2 1 1 3 1 1 3 2 3 3 2 3 3 2 4 3 3 3 4 3 3 2 1 2 2 3 2 2 1 2 2 2 1 2 1 2 3 4 1 3 3 4 2 3 2 2 3 3 3 2 3 3 2 2 2 2 2 2 1 3 3 4 3 4 3 3 3 1 2 1 2 2 2 2 4 2 4 3 1 2 2 4 3 1 2 2 2 1 2 2 2 2 1 2 3 3 1 3 2 3 4 3 3 3 4 1 3 1 1 4 1 2 2 4 1 1 1 2 3 2 3 3 3 2 3 1 3 1 2 3 3 1 3 2 2 4 3 2 3 3 1 1 2 1 1 2 1 2 1 3 2 2 3 2 2 2 3 2 3 2 3 3 2 2 3 3 1 2 1 1 3 2 2 3 2 1 3 2 1 2 1 1 2 3 3 3 3 3 3 4 3 2 3 1 3 3 2 2 3 1 3 3 2 2 1 3 4 2 2 2 1 3 3 2 3 2 1 3 1 4 1 3 1 4 2 2 3 3 4 2 1 3 2 1 2 2 1 1 2 3 1 3 3 1 3 2 2 4 2 4 2 4 4 3 1 2 4 3 2 4 4 3 4 1 3 2 4 2 1 1 4 3 3 4 1 1 3 1 3 4 2 3 4 4 4 3 2 1 3 2 3 4 3 3 1 2 2 3 3 1 2 1 3 4 2 3 3 1 3 3 1 2 4 2 3 1 1 2 2 2 1 3 2 4 2 1 2 1 2 4 1 2 4 2 2 2 3 3 1 1 4 3 2 1 2 3 1 3 1 1 4 1 3 2 3 2 3 3 2 2 1 3 2 3 1 4 3 2 3 1 3 1 4 1 3 1 1 1 3 3 3 4 4 4 2 3
143
4 1 7 6 9 3 13 11 12 14 5 3 2 11 5 3 12 13 3 7 14 11 6 12 14 10 1 13 6 13 5 1 11 11 13 13 13 8 10 8 4 4 10 4 5 3 8 14 7 2 13 14 13 8 5 7 5 8 3 4 2 5 8 8 7 11 3 12 7 13 2 12 14 14 5 7 13 11 3 4 10 5 5 9 3 14 7 12 12 1 6 8 8 2 10 6 12 10 5 8 5 7 12 1 2 4 5 2 2 14 14 9 11 1 2 4 9 14 5 6 2 8 7 10 6 9 9 13 14 5 4 9 2 12 8 9 14 12 12 10 2 7 12
1617
1 2 2 2 2 1 1 1 1 1 1 2 1 1 1 1 1 1 1 1 2 1 1 1 1 2 2 1 1 1 1 1 1 2 1 2 2 1 2 2 2 1 1 2 2 1 1 1 1 1 2 1 1 1 2 1 1 1 1 2 1 1 1 2 1 1 1 1 1 1 1 1 1 1 2 2 1 1 1 1 2 1 2 1 1 1 1 1 1 1 2 1 1 1 1 1 1 1 1 2 1 1 2 1 1 1 1 1 1 1 2 1 1 2 1 1 1 1 1 1 1 1 1 1 2 1 2 1 1 1 1 1 1 1 2 1 1 1 1 1 1 1 1 2 1 1 1 1 1 1 1 1 2 1 1 1 1 1 1 1 1 1 1 1 2 2 2 1 1 1 1 1 1 1 1 1 1 2 1 1 1 1 1 1 1 1 1 1 1 1 1 1 1 2 1 1 1 1 1 1 1 1 1 1 1 1 2 1 1 1 2 1 1 2 1 1 2 1 1 1 1 1 1 1 2 1 1 1 2 1 1 2 1 1 1 1 1 2 1 1 1 1 1 2 2 2 1 1 1 1 2 1 1 1 1 1 1 1 1 1 1 2 2 1 1 1 2 1 1 1 1 1 1 1 1 1 1 1 1 1 1 1 1 1 1 1 1 1 2 1 2 1 1 1 1 1 1 1 1 1 1 1 2 1 1 1 1 2 1 1 1 1 1 1 1 1 1 1 1 1 2 1 1 1 1 1 1 1 1 1 1 1 1 1 1 1 1 1 2 1 1 1 1 1 1 1 2 1 1 1 1 1 1 1 1 2 1 1 1 1 1 1 1 1 1 1 1 1 1 1 1 1 1 1 1 1 1 1 1 1 2 1 2 1 1 1 1 1 1 1 1 1 1 1 2 1 1 2 1 1 1 1 2 1 1 1 1 1 2 1 1 1 1 1 1 1 1 1 2 1 1 1 1 1 2 2 1 1 1 1 1 1 1 1 1 1 1 1 1 2 1 1 2 1 1 1 2 2 1 2 1 1 2 1 2 2 1 2 1 2 1 1 1 1 1 1 1 2 1 1 1 1 1 1 1 1 1 1 1 1 2 1 2 1 1 1 1 1 1 1 1 1 1 1 1 1 1 1 1 1 1 1 1 1 1 1 1 1 1 2 1 1 1 1 2 1 2 1 1 2 1 2 2 1 1 1 1 2 1 1 1 1 1 2 1 1 2 1 1 1 1 1 1 1 1 1 1 1 1 1 2 1 1 1 2 1 1 1 1 1 1 1 1 1 1 1 1 1 1 2 1 1 2 1 1 1 1 1 1 1 1 1 1 1 1 2 2 1 1 1 1 1 1 1 1 1 1 1 1 1 1 1 1 1 2 1 2 2 1 1 1 1 1 1 1 1 1 2 1 1 1 1 1 1 1 1 1 1 1 1 1 1 1 1 1 2 1 1 1 2 1 1 1 2 1 1 1 1 1 1 1 1 1 2 2 1 1 1 1 1 1 1 2 1 1 2 1 1 2 2 1 1 1 1 1 1 2 1 1 1 1 1 1 1 1 1 2 1 1 2 1 1 1 1 1 1 1 2 1 1 1 1 1 1 1 1 1 1 1 1 2 1 1 1 1 1 2 1 1 1 1 1 1 2 1 1 1 2 2 1 1 1 1 1 1 1 1 1 1 1 1 1 1 1 1 2 1 1 1 1 1 1 1 1 1 1 2 1 1 1 1 1 2 1 1 1 1 1 1 2 1 1 1 1 1 1 2 2 2 1 1 1 1 1 1 2 1 1 1 1 1 1 1 1 1 1 2 1 2 2 1 1 2 1 1 2 1 2 1 1 1 1 1 1 2 1 1 1 1 1 2 1 1 1 2 1 1 1 1 1 1 1 1 1 2 2 1 1 1 1 1 1 1 2 1 1 1 1 1 1 2 1 1 1 1 1 2 1 1 1 1 2 1 1 1 2 1 1 1 1 1 1 1 2 1 1 1 1 1 1 1 1 1 2 1 1 1 1 1 1 2 1 1 2 1 1 1 1 1 1 1 1 2 1 1 2 1 1 1 1 2 1 2 1 1 1 1 2 1 1 1 1 1 1 1 1 1 1 2 1 1 2 1 1 1 2 1 1 1 1 1 1 1 2 1 1 1 1 1 1 1 1 1 1 2 1 1 2 1 1 1 1 2 1 1 1 1 1 2 1 1 1 2 1 2 1 1 1 1 1 1 1 1 1 1 2 1 2 1 1 1 2 1 1 1 1 1 2 2 1 2 1 1 1 1 2 2 1 1 1 1 1 2 1 1 1 1 1 2 2 1 1 1 1 1 1 2 1 2 1 1 1 1 1 1 1 1 1 1 2 1 2 1 1 1 1 1 1 1 1 1 1 2 2 1 1 1 1 1 1 1 1 1 2 1 1 1 1 1 1 1 1 1 2 1 1 1 1 1 1 2 1 1 1 1 1 1 1 2 2 1 1 2 2 2 1 1 1 1 1 1 2 2 1 1 1 1 1 1 2 1 1 1 1 1 1 1 2 1 2 1 1 1 1 1 1 1 1 1 1 1 1 1 1 2 2 1 2 1 2 2 1 1 1 1 1 2 1 1 1 1 2 1 1 2 1 1 1 1 2 1 1 2 1 1 1 1 1 1 2 1 1 2 1 1 1 1 1 1 1 1 1 1 1 1 1 2 2 1 1 1 1 1 2 2 1 2 1 1 1 1 1 1 1 1 1 1 2 2 1 1 1 1 1 1 1 1 2 1 1 1 1 1 1 1 1 1 1 1 1 1 1 1 1 2 1 1 1 1 2 2 1 1 1 1 1 1 1 1 1 1 2 1 2 2 2 2 1 1 1 1 1 1 1 1 2 1 1 1 1 2 1 1 2 2 1 1 1 1 2 1 1 1 1 1 2 1 1 2 1 1 1 1 1 1 2 1 1 1 1 1 2 1 1 1 1 2 2 1 1 1 2 2 1 1 1 1 1 1 1 1 1 1 1 1 1 1 1 2 2 1 1 2 1 1 1 2 1 1 2 1 1 1 1 1 1 1 2 2 1 1 1 1 1 1 1 1 1 2 1 1 1 1 1 1 1 1 1 1 1 1 1 1 1 1 1 1 1 1 1 1 1 1 1 1 1 1 2 1 2 1 1 1 1 2 1 1 2 1 1 1 1 2 1 1 1 1 1 2 1 1 1 2 1 1 1 1 1 1 2 2 1 1 1 1 2 1 1 1 1 1 2 2 1 1 1 2 1 1 1 1 2 1 1 1 2 1 1 1 1 1 1 1 1 2 2 1 1 1 1 1 2 1 1 2 2 1 1 1 1 2 2 1 2 1 1 1 2 1 1 1 1 2 1 1 1 1 1 1 1 1 1 1 2 1 2 2 1 1 1 2 1 1 1 1 1 1 1 1 2 1 1 1 2 1 1 1 1 1 1 1 1 1 2 1 1 1 1 1 1 1 1 1 1 2 2 1 2 1 1 1 1 1 1 1 2 1 1 1 1 1 2 1 1 1 2 1 1 1 1 1 1 1 1 1 1 1 1 1 1 1 1 1 2 1 2 2 2 1 1 2 1 1 1 2 1 1 1 1 2 1 1 1 1 1 1 1 1 1 1 1 2 1 2 1 1 1 1 1 2 2 1 1 2 1 1 1
443
4 5 1 1 3 2 4 4 4 3 2 4 4 4 3 1 3 3 2 2 3 1 3 4 1 5 3 3 3 3 1 2 4 2 3 2 1 3 3 1 4 3 1 4 4 2 4 3 3 1 3 4 3 1 5 1 5 4 3 5 5 2 1 2 1 4 5 4 5 2 4 2 2 3 5 3 1 1 2 2 1 4 5 2 5 2 5 2 5 1 1 4 5 3 5 1 4 3 1 1 4 1 4 1 1 4 4 2 1 4 4 4 5 4 1 2 4 2 5 4 1 3 2 2 4 1 4 5 1 2 2 3 3 1 2 1 1 2 1 2 3 4 2 2 4 3 1 3 4 5 4 5 2 3 1 5 2 2 2 2 5 1 3 4 1 1 1 5 3 2 2 4 1 3 4 3 1 1 3 4 1 3 5 2 4 5 1 3 1 2 1 1 2 4 3 3 5 3 1 4 1 4 4 3 5 2 4 1 1 1 2 2 5 3 3 1 1 2 4 1 3 2 5 4 3 1 4 2 5 4 1 3 4 3 5 2 1 3 4 3 1 2 5 4 4 4 5 3 5 1 4 2 2 1 3 5 4 5 5 4 1 4 4 3 5 1 1 5 1 2 1 2 2 4 2 5 1 4 4 5 1 1 2 1 3 4 4 1 4 2 1 2 1 5 4 4 4 4 1 4 4 5 2 5 4 1 2 3 2 2 2 4 3 2 2 2 2 5 4 3 3 4 1 2 3 1 2 4 3 4 4 3 4 1 3 1 2 1 4 4 2 1 4 5 3 2 3 1 3 5 2 5 2 4 4 5 3 3 4 3 3 4 2 5 1 2 1 2 1 2 2 1 1 1 4 3 3 2 4 4 1 4 3 1 2 4 4 2 2 3 3 4 1 5 1 5 3 3 1 2 3 2 2 4 2 1 3 1 1 3 4 1 2 1 2 4 4 2 3 2 4 1 4 2 4 1 1 3 3 4 2 4 3 2 3 2 3 3 3 3 3 3 3
1141
2 1 1 2 2 2 1 1 1 2 1 2 1 2 2 1 1 2 1 1 2 1 2 2 2 1 2 1 2 1 2 2 2 1 1 1 2 1 1 1 1 2 1 2 1 2 2 1 2 1 1 2 1 1 1 2 1 2 2 2 1 2 1 1 1 2 2 1 1 1 2 1 1 1 2 2 2 1 1 2 2 1 1 1 2 1 1 1 1 1 2 1 1 1 1 1 1 2 2 1 2 1 1 1 1 2 1 1 2 1 1 2 1 2 2 2 1 1 2 1 2 1 1 2 1 1 1 1 2 1 1 2 2 1 1 2 1 2 1 1 1 2 2 1 2 1 2 1 2 1 1 1 1 2 1 1 1 1 2 2 1 1 2 1 1 2 1 2 2 2 1 1 1 2 2 2 1 1 1 2 2 1 1 1 2 1 1 2 1 1 1 2 1 2 1 1 1 1 2 2 1 2 2 2 1 1 2 2 1 2 1 1 2 1 1 1 1 1 1 2 1 1 2 2 1 2 2 2 1 1 2 1 1 1 2 2 1 1 2 2 1 2 2 2 2 1 1 2 1 1 2 1 1 1 1 1 1 1 1 2 2 1 1 1 1 1 1 1 1 1 1 2 2 1 2 2 2 2 2 2 2 2 2 2 2 1 1 2 2 1 1 2 1 2 1 2 1 2 2 1 2 1 1 1 1 1 1 1 2 1 2 1 2 1 1 2 2 1 1 2 1 2 1 2 1 2 2 1 1 1 1 2 1 2 2 1 1 1 1 1 2 1 2 1 1 2 2 2 1 1 1 1 2 2 1 1 1 2 2 1 1 1 1 1 1 1 2 1 1 2 2 2 1 2 1 1 2 2 1 2 1 2 2 1 2 1 1 1 2 2 2 2 2 1 1 1 1 2 1 1 1 2 2 1 1 1 1 1 2 2 1 2 1 2 1 1 2 2 1 1 1 2 2 2 2 1 2 2 2 1 1 1 2 1 1 2 2 1 2 2 2 2 2 2 1 1 1 1 1 1 1 2 1 1 2 1 1 2 2 2 2 2 1 2 1 2 1 2 1 1 1 1 2 1 1 2 2 1 2 2 1 2 2 2 1 2 2 1 2 1 2 2 1 2 1 1 1 2 2 1 2 1 1 1 1 1 1 1 1 1 1 1 2 2 2 1 1 2 1 1 2 2 1 1 1 1 2 1 1 2 2 2 2 2 1 1 2 1 1 1 2 2 2 1 2 2 1 2 1 2 1 1 2 1 1 2 1 2 2 1 2 1 2 1 2 2 2 2 1 1 1 1 2 1 2 1 2 1 1 1 1 1 1 1 1 1 1 1 1 1 2 1 1 1 1 1 1 2 1 1 2 1 1 2 2 1 1 1 1 1 2 1 1 1 2 2 1 1 1 2 2 1 1 2 1 2 2 2 2 1 1 1 1 2 1 2 1 2 1 1 2 1 2 2 2 1 2 1 2 2 1 2 1 2 1 2 2 2 1 1 2 1 1 2 1 1 1 1 1 2 1 2 1 2 2 1 2 1 1 2 2 1 1 1 2 1 1 1 2 2 1 1 2 1 2 1 1 1 2 1 2 1 2 1 1 2 2 1 1 2 2 2 1 1 1 1 1 2 1 1 2 1 2 1 1 2 2 1 1 1 2 2 1 1 1 2 1 2 2 1 1 2 1 1 1 1 1 1 2 2 1 2 1 1 1 1 1 1 1 1 1 1 1 2 2 1 2 1 2 1 1 1 1 2 1 2 1 1 2 1 1 1 2 1 2 1 2 2 2 1 1 1 1 2 1 1 1 2 2 1 1 1 2 1 2 1 1 2 1 2 1 1 1 1 2 2 1 1 2 2 2 1 1 1 1 1 1 2 2 1 2 1 1 1 1 1 2 1 1 1 1 1 2 2 2 1 1 1 1 2 2 1 2 2 1 2 2 1 2 2 1 2 2 1 1 1 2 1 1 1 2 2 1 2 2 1 1 1 1 1 1 1 2 1 1 2 1 2 2 1 1 1 1 2 1 1 2 1 1 2 1 2 1 1 2 1 1 2 1 2 2 1 1 1 2 1 1 2 1 1 1 2 2 1 1 2 1 1 1 2 1 1 1 2 2 2 1 1 1 1 2 1 2 1 1 1 2 1 2 2 2 2 2 2 2 1 2 1 1 1 2 1 1 1 1 1 2 1 1 1 2 2 2 1 1 1 1 1 1 1 2 2 1 1 1 1 1 2 1 2 1 2 1 2 1 1 1 1 1 1 1 1 2 1 2 1 1 1 1 2 1 1 1 1 2 2 1 2 1 1 2 1 1 2 1 2 1 2 1 2 2 1 2 1 2 2 1 1 2 1 2 2 1 1 2 1 2 2 1 1 1 2 1 1 2 1 1 2 2 1 1 1 2 1 1 1 2 2 2 1 1 2 1 1 2 1 2 1 2 2 2 1 1 1 2 1 2 2 1 1 1 1 2 1 1 1 2 2 2 1 1 2 1 1 1 2 1 1 1 1 2 2 1 2 2 1 2 1 1 2 1 1 2 2 1 1 1 1 2 2 1 1 1 2 2 2 1 1 1 1 1
114
1 13 5 2 12 7 15 13 7 10 9 4 5 3 2 7 4 11 13 15 11 18 1 8 15 9 3 14 3 4 11 6 5 8 3 16 5 8 5 17 3 12 4 2 9 8 15 16 10 15 2 14 3 7 16 17 10 12 6 16 9 17 16 14 4 11 6 11 7 2 13 9 15 11 4 3 15 2 2 18 8 3 4 13 9 15 12 8 2 3 13 3 16 17 1 15 16 13 14 10 6 4 12 18 5 5 13 16 12 13 12 13 13 1
338
3 6 1 6 4 2 4 2 4 3 5 4 2 2 3 4 2 1 2 3 1 4 3 1 6 2 4 6 5 2 1 1 3 6 5 5 5 6 6 6 3 4 4 1 6 3 5 5 4 3 5 2 5 5 1 6 5 1 3 2 4 2 4 6 3 3 3 2 3 1 1 4 1 4 3 5 1 2 3 2 4 2 4 2 2 6 2 2 1 5 1 3 6 6 6 4 3 2 2 1 6 4 6 3 3 3 4 6 3 1 2 2 2 5 3 3 4 6 4 2 3 1 1 2 2 5 3 3 1 2 1 3 4 1 4 6 6 3 4 5 1 4 2 2 3 6 6 4 5 1 6 1 6 1 2 3 2 4 6 4 4 6 6 6 4 5 1 5 4 4 3 3 6 2 3 4 3 3 2 5 1 2 1 3 3 5 1 3 1 1 5 4 2 3 4 5 1 3 3 6 3 3 2 6 2 1 4 2 5 3 1 2 1 5 4 3 3 6 4 1 3 4 3 1 5 6 3 5 4 4 2 2 6 5 4 1 5 6 3 3 5 2 4 4 1 5 5 5 1 4 1 2 4 4 4 1 2 2 3 1 3 1 5 2 4 4 6 5 2 1 1 1 2 3 1 5 4 6 4 3 6 5 6 5 6 5 3 3 5 2 3 6 4 3 5 3 1 6 5 5 1 4 2 5 4 2 2 6 1 1 4 6 1 2 3 6 5 4 4 1 2 5 5 1 3 2 4 5 1 1 1 3 4 2 6 6 1 3
1040
2 1 1 1 1 1 2 2 1 1 1 1 1 2 2 2 2 2 1 2 2 2 1 1 2 1 1 2 1 1 2 1 2 1 1 2 1 1 1 1 2 1 1 1 1 1 1 2 1 1 1 2 1 2 2 2 2 2 1 2 1 1 2 1 1 2 1 2 2 1 2 2 1 1 2 1 1 2 2 1 1 1 2 1 1 1 1 1 1 1 2 1 2 1 2 1 1 1 1 1 1 1 1 2 2 2 2 2 1 2 2 2 1 2 1 1 1 1 1 2 1 1 1 2 2 2 1 1 2 2 2 1 1 1 2 2 1 2 1 2 1 1 2 1 1 2 2 1 2 2 2 1 1 2 1 1 1 2 2 2 2 1 2 1 1 2 1 1 2 2 1 2 2 2 2 2 2 2 2 2 2 1 2 2 1 1 1 2 1 1 1 2 2 1 2 1 1 2 2 1 2 2 1 2 1 2 2 1 2 1 2 1 1 1 1 2 2 1 1 2 1 2 1 1 2 2 2 1 2 1 1 2 1 1 1 1 2 2 1 1 2 1 2 2 2 2 2 1 1 1 2 2 2 1 2 2 1 1 2 1 1 2 1 2 1 2 2 2 1 2 1 2 1 1 1 1 1 2 2 2 1 1 1 2 1 2 2 1 2 1 2 2 2 1 2 1 2 2 2 1 1 2 1 2 2 1 2 1 2 1 2 2 1 1 1 2 1 1 2 1 1 1 1 1 2 2 1 2 2 2 2 1 1 2 1 2 2 1 2 1 2 1 2 1 2 1 1 2 2 1 2 2 2 1 2 1 1 2 2 1 1 2 1 1 1 1 2 1 1 2 1 1 1 2 1 2 1 2 1 1 2 1 1 1 2 2 1 2 2 1 2 1 1 1 2 2 2 2 1 2 2 1 2 1 1 1 1 2 2 2 1 2 2 1 2 1 2 1 1 2 2 2 1 2 2 1 2 1 2 2 1 2 2 1 1 2 2 1 1 2 1 2 2 1 1 2 2 1 2 2 2 2 1 2 1 1 1 2 2 1 2 1 2 1 1 1 1 1 2 1 1 2 1 1 1 2 1 2 1 1 1 1 1 2 2 1 2 2 2 1 2 2 1 1 2 2 2 1 2 1 1 1 1 1 1 1 1 1 2 1 1 2 2 2 1 1 1 1 1 1 1 1 1 1 2 1 2 1 1 1 1 1 1 2 2 2 2 1 2 2 2 2 1 1 1 2 2 2 2 1 2 1 1 2 2 2 2 1 2 1 1 2 1 1 1 2 1 2 2 1 2 2 1 1 1 1 2 1 2 1 1 1 1 1 1 1 2 1 2 1 2 2 2 1 2 1 2 2 1 2 2 2 1 1 1 2 2 1 1 2 2 2 1 1 1 2 1 2 1 2 2 2 1 1 2 1 2 1 2 1 1 2 1 1 2 2 2 2 1 2 2 1 2 2 1 2 1 1 2 1 2 1 1 1 2 2 1 1 2 1 1 1 1 2 1 1 2 1 2 1 2 1 2 2 2 1 2 1 1 2 1 2 1 2 2 1 2 2 1 2 1 2 1 1 2 2 2 2 1 2 1 2 2 2 2 2 1 2 1 2 1 1 2 2 1 2 2 2 2 1 2 2 1 2 1 1 2 2 2 2 2 1 2 2 1 1 1 2 2 2 2 2 2 1 1 2 1 1 2 1 2 2 2 2 1 2 2 2 2 2 2 2 2 1 1 2 1 2 2 2 1 1 2 1 1 1 2 1 2 2 2 2 2 2 2 1 2 1 1 1 1 2 2 2 1 1 2 2 2 2 2 1 1 2 1 2 1 2 1 1 2 1 2 1 2 1 1 1 1 2 1 1 1 1 1 2 1 2 1 1 2 2 1 1 1 2 2 1 2 2 2 2 2 2 1 1 2 1 2 1 2 2 2 2 2 1 1 1 1 1 1 2 2 1 2 2 1 1 1 2 2 2 2 1 2 2 2 1 2 1 1 2 1 2 2 2 1 1 2 2 2 1 2 1 1 2 1 1 1 2 2 2 2 2 1 1 2 1 2 1 2 1 1 2 1 1 1 1 1 1 2 1 1 2 1 1 2 2 1 2 2 2 2 1 2 1 1 2 1 2 2 1 2 2 1 1 2 1 2 1 1 2 2 2 2 1 1 1 2 2 1 1 2 1 1 1 1 1 1 2 1 2 1 2 1 2 1 1 2 2 2 1 1 2 1 2 2 1 1 2 2 1 1 2 2 1 1 2 1 2 2 1 1 1 2 1 2 2 1 2 2 1 1 2 2 1 2 2 2 2 1 1 2 1 1 1 1 2 2 2 2 1 1 1 2 1 1 2 1 2
1459
1 2 1 1 1 1 1 1 1 2 1 2 1 1 2 1 2 1 1 1 2 2 1 1 2 1 1 1 2 2 2 1 2 2 2 2 1 1 1 2 1 1 1 1 1 1 1 1 2 2 1 2 1 2 2 2 1 1 1 1 1 1 2 1 1 1 2 1 1 2 1 2 1 2 1 1 1 1 1 1 2 1 1 2 1 1 1 2 1 1 1 1 1 1 2 2 2 2 2 2 1 2 1 1 1 2 1 1 1 1 1 2 1 2 1 1 2 1 1 1 1 1 1 1 1 1 1 1 1 2 1 1 1 2 1 2 2 1 2 1 1 1 1 1 1 1 1 2 1 2 1 1 1 1 1 1 1 1 1 1 1 1 2 1 1 1 2 1 1 1 1 1 1 1 1 1 1 1 1 2 1 1 1 1 2 1 1 1 1 2 1 1 1 1 2 2 1 1 1 1 2 1 1 1 1 1 1 2 1 1 1 1 2 1 1 1 1 2 2 2 1 2 1 1 2 1 1 2 1 1 1 1 2 1 1 1 1 1 1 1 1 1 2 2 1 1 1 2 1 2 1 1 1 1 1 1 1 1 1 1 1 1 1 2 1 1 1 1 1 2 1 1 1 1 2 1 1 1 1 2 2 1 1 2 2 1 2 1 1 1 1 2 1 1 2 1 1 1 1 1 1 1 2 1 1 2 1 2 1 1 1 1 1 1 1 1 1 1 1 1 1 2 1 2 1 1 1 1 2 1 1 1 2 1 1 1 2 2 2 2 1 1 1 1 2 1 2 1 1 1 1 1 2 1 1 1 1 1 2 1 1 1 1 1 1 1 1 2 1 1 1 1 1 1 2 1 1 1 1 2 1 1 1 1 1 1 1 1 1 2 1 1 2 1 1 1 2 2 1 1 2 2 1 1 1 1 1 2 1 2 1 2 1 1 2 1 1 1 1 2 1 1 1 1 1 1 1 1 1 1 1 1 1 1 1 2 1 2 1 1 1 1 1 2 1 1 1 1 1 1 1 2 1 1 2 2 2 1 1 1 2 1 1 1 1 1 1 1 1 1 1 1 1 1 2 2 1 1 2 1 1 1 2 2 2 1 1 1 2 1 1 1 1 1 1 1 1 2 1 2 2 1 1 1 2 1 1 1 2 1 1 1 1 1 1 1 2 2 1 1 1 1 1 1 1 1 1 2 1 2 1 2 1 1 1 1 2 1 2 1 1 1 2 1 1 1 1 1 1 1 1 1 1 1 2 2 1 1 1 1 1 2 1 1 2 1 1 1 1 1 1 1 1 1 2 1 1 1 1 2 2 1 1 2 1 1 1 1 2 1 2 1 1 1 2 1 1 1 2 1 1 1 1 1 1 1 1 1 1 1 2 1 2 1 1 1 1 1 1 2 1 1 1 1 1 1 2 1 1 1 1 1 1 1 1 1 2 1 2 2 1 1 1 1 1 2 1 1 2 1 1 1 1 1 1 1 1 2 1 2 2 1 1 1 2 2 1 2 1 1 1 1 1 2 2 1 2 2 1 1 1 1 1 1 2 2 1 1 1 2 2 1 1 2 1 1 2 1 1 1 1 1 2 1 1 1 1 1 1 1 1 1 1 2 2 1 1 2 2 2 1 1 1 2 1 1 1 2 1 1 1 1 1 1 1 1 1 1 1 2 1 1 1 1 1 1 1 1 2 1 1 1 1 2 1 1 1 1 2 1 1 1 1 2 1 1 1 1 1 2 1 1 2 1 1 1 1 2 2 1 1 2 1 1 1 1 1 1 2 1 2 1 2 1 2 1 2 2 1 1 2 1 1 1 1 1 1 2 2 2 1 1 1 1 1 1 2 2 1 1 2 2 2 2 1 1 1 1 1 2 2 1 1 1 1 2 1 1 1 1 1 1 1 2 2 1 1 1 1 1 1 2 1 1 1 2 1 1 1 2 1 1 1 1 1 2 1 1 1 1 1 1 1 2 2 1 1 2 1 1 2 2 1 2 1 1 2 1 1 1 1 1 1 1 1 1 1 1 1 1 2 1 1 2 2 1 2 1 1 1 1 1 1 1 1 1 1 1 1 2 1 2 2 1 1 2 1 2 1 1 1 1 1 1 1 1 1 1 1 1 1 1 1 1 1 1 1 1 1 1 1 1 1 1 1 1 1 1 1 1 1 1 1 1 1 1 1 1 1 1 1 1 2 2 2 2 2 1 1 2 1 1 1 1 1 1 1 1 1 2 2 1 1 1 1 1 1 1 1 1 1 1 1 1 1 2 1 1 1 2 2 2 1 2 1 1 1 1 2 1 1 1 1 1 1 1 1 2 1 2 2 1 1 1 1 2 1 2 2 2 2 1 2 1 1 1 1 1 1 2 1 1 1 1 2 2 1 2 1 2 1 1 1 1 1 1 1 1 1 1 1 1 1 2 2 1 1 1 1 1 1 1 2 1 1 1 2 1 1 1 1 1 2 2 2 2 1 1 2 2 1 1 1 1 1 1 1 2 1 1 1 1 1 1 1 1 1 1 1 1 1 2 1 1 1 1 1 1 1 1 1 2 2 1 1 1 2 1 1 1 1 1 1 2 1 1 1 1 1 1 1 1 2 2 1 2 1 1 2 2 2 2 2 1 1 2 1 1 1 2 1 2 1 1 2 1 1 1 1 1 1 1 2 1 1 2 1 1 1 1 1 1 1 2 2 2 1 1 1 1 1 1 1 1 2 1 2 1 2 1 1 1 2 2 1 2 1 2 1 2 1 2 1 2 2 2 1 1 2 1 1 2 1 1 1 2 1 1 2 1 2 1 1 2 2 1 1 1 1 2 1 1 1 1 1 2 2 2 1 1 1 2 1 1 1 1 1 2 1 1 1 1 1 1 2 1 1 1 1 1 1 1 1 2 1 1 1 1 1 1 2 1 1 1 1 2 1 2 1 2 2 1 1 2 2 1 1 2 1 1 1 1 1 1 1 1 1 1 2 2 1 1 1 1 2 2 1 1 2 1 1 2 1 2 1 2 1 2 2 1 1 1 1 1 2 2 2 2 1 2 2 2 1 1 1 1 1 1 1 2 1 1 1 1 1 1 1 1 2 2 1 1 1 1 2 1 2 1 1 1 1 1 2 2 1 1 2 1 2 1 1 1 2 2 1 1 1 2 1 1 1 1 2 1 1 2 2 1 1 1 1 1 2 2 1 1 1 1 1 2 2 2 1 1 2 1 1 1 1 1 1 1 1 1 1 1 1 1 1 1 2 1 2 1 1 2 1 1 1 2 1 1 1 2 2 1 2 1 1
1573
1 1 1 1 1 1 1 2 1 1 1 1 1 2 1 1 1 1 2 1 1 1 2 1 1 1 1 1 2 1 1 2 1 1 1 1 1 1 1 2 1 1 2 1 1 1 1 1 1 1 1 1 1 1 1 1 1 2 1 1 2 1 1 2 1 2 2 1 1 1 1 1 1 1 1 1 1 2 1 2 1 2 1 2 1 2 1 1 1 1 1 1 1 1 1 1 1 1 1 1 2 1 1 1 1 2 1 1 1 1 1 1 2 1 1 2 1 1 1 2 1 1 1 1 1 1 1 1 2 2 1 2 2 1 1 1 1 2 1 1 1 2 1 1 1 1 1 1 1 2 1 1 1 1 1 1 1 1 2 1 1 1 1 1 1 2 1 1 1 1 1 1 1 1 1 1 1 1 1 1 1 1 1 1 1 1 1 1 1 1 1 1 1 1 2 1 1 1 1 1 1 1 1 2 2 2 1 1 1 2 1 2 1 1 1 1 1 1 1 1 2 1 1 2 1 1 2 1 1 1 1 1 1 1 1 1 1 1 2 1 2 1 1 1 1 2 1 2 1 2 1 1 1 2 1 2 1 1 1 1 2 1 1 2 1 2 1 2 2 2 1 1 1 1 1 1 2 1 1 1 1 2 1 1 2 1 2 1 1 1 1 1 2 1 1 1 1 1 1 1 1 1 1 1 1 1 2 1 2 1 1 2 1 1 2 1 1 2 2 1 2 2 1 1 1 2 1 2 1 1 1 1 1 1 1 1 1 1 1 1 2 2 2 1 2 1 2 2 1 1 1 1 1 1 1 1 1 1 1 1 1 1 1 1 1 1 2 1 1 1 1 1 1 1 1 1 1 1 1 1 2 1 1 1 2 1 1 1 1 1 1 1 1 1 1 1 1 2 2 1 2 1 1 1 1 1 1 2 1 1 1 1 1 1 1 1 1 1 2 1 1 2 1 1 2 1 1 1 1 1 2 1 1 1 1 1 1 1 2 1 1 1 2 1 1 1 2 2 2 1 1 1 2 1 1 2 1 1 2 1 1 1 1 1 1 2 1 1 1 1 1 1 2 1 1 1 2 1 1 2 1 1 1 1 2 1 2 1 1 2 1 1 1 1 2 1 1 1 1 1 1 1 1 1 1 1 1 1 1 1 1 1 1 1 2 1 1 1 1 1 1 2 2 1 2 2 1 1 1 1 1 1 2 1 1 1 1 1 1 2 1 1 1 1 1 2 2 2 2 1 1 1 1 1 1 1 2 1 1 1 1 1 1 1 1 1 2 2 1 1 1 2 1 1 1 1 1 1 1 1 1 2 1 1 1 1 1 1 1 1 1 1 1 1 2 1 1 2 1 1 1 1 1 1 2 1 1 1 1 2 2 1 1 1 1 1 1 2 1 1 1 1 1 2 1 2 1 2 1 1 2 1 1 1 1 2 1 1 1 2 1 1 1 1 2 1 1 1 1 1 2 1 1 1 1 1 1 2 2 1 1 1 1 1 1 1 1 1 1 2 1 1 1 1 2 2 2 2 1 2 2 1 1 1 1 1 1 1 1 1 1 1 1 2 1 1 1 2 1 1 1 1 1 1 1 2 1 1 2 2 1 1 1 1 1 1 1 1 2 2 1 2 1 1 1 1 1 2 1 1 1 1 1 1 1 1 1 1 1 1 2 2 1 1 1 1 1 2 1 1 2 1 1 1 2 1 1 1 2 1 1 1 1 1 1 1 1 1 1 1 2 1 1 1 1 1 2 1 2 1 1 2 1 2 1 2 1 1 1 1 1 1 1 1 1 1 2 2 1 1 1 1 1 1 1 2 1 1 1 1 2 1 1 1 1 1 1 1 1 2 1 1 1 1 1 1 1 1 1 1 2 1 1 1 1 1 1 1 2 1 2 1 1 1 1 1 1 2 1 1 1 1 1 1 2 1 1 1 1 2 1 2 2 2 1 1 1 1 1 1 1 2 1 1 2 1 2 2 1 2 1 1 1 1 1 2 1 1 1 1 1 1 2 2 2 1 2 1 1 1 1 1 1 1 1 1 1 1 2 1 1 1 1 1 2 1 1 1 2 1 1 1 1 2 1 2 1 1 1 1 2 1 1 2 1 1 1 1 2 1 1 1 1 2 1 1 1 2 2 1 2 2 2 1 1 1 1 1 1 2 1 1 1 1 1 1 1 1 2 2 2 1 1 1 2 1 1 1 1 2 1 1 1 1 1 1 2 1 1 1 1 2 1 1 1 1 1 1 1 1 1 1 1 1 1 1 1 1 1 1 2 1 1 2 2 2 1 1 1 2 1 1 1 1 1 1 1 1 1 1 1 2 1 1 1 2 1 2 1 2 1 1 1 1 2 1 2 1 1 1 2 1 1 1 1 1 1 1 2 2 1 1 1 1 1 1 1 1 1 1 1 1 1 1 1 1 1 1 1 1 1 1 1 2 1 1 2 1 1 2 1 1 2 1 1 1 1 1 2 2 2 1 1 1 1 1 1 1 1 1 1 1 1 1 1 2 1 1 1 1 1 1 1 1 1 2 1 1 2 1 2 2 1 1 1 1 1 2 1 1 1 1 1 1 1 1 1 1 1 1 2 1 1 1 1 1 1 1 2 1 1 2 1 1 1 1 1 1 1 2 1 1 1 2 1 2 1 1 2 1 1 1 1 2 1 1 2 1 1 1 1 2 1 1 1 1 1 1 1 1 1 2 1 1 1 1 2 2 1 1 1 1 1 1 1 2 1 1 1 1 2 1 1 1 1 1 1 2 1 1 1 1 1 1 1 1 1 1 2 2 1 1 1 2 1 1 2 1 1 1 1 1 1 1 1 1 2 1 1 2 1 1 1 1 1 1 1 2 1 1 1 2 1 1 1 1 1 1 1 1 2 2 1 1 1 1 2 1 1 1 2 1 1 1 2 1 2 1 1 1 1 1 1 1 1 1 1 1 1 2 1 1 1 1 1 1 1 1 2 2 2 2 2 1 1 1 1 2 1 1 2 1 2 1 1 2 1 1 1 2 2 1 1 2 1 1 1 2 1 1 1 1 1 2 1 1 1 1 2 1 1 1 1 1 1 1 1 1 1 1 1 1 2 2 1 1 1 1 1 1 1 1 2 1 1 2 1 1 1 1 2 1 1 1 2 2 1 1 1 1 2 1 1 2 1 1 1 2 1 1 1 1 2 1 2 1 2 1 1 1 1 1 2 2 1 1 1 1 2 1 2 2 1 1 1 1 1 1 2 1 1 1 1 1 1 2 1 1 1 1 1 1 1 1 1 1 2 1 1 1 1 1 1 1 1 2 1 1 1 1 1 1 1 1 1 1 2 1 1 1 1 1 1 1 1 1 1 1 1 1 1 1 1 1 1 1 1 2 1 2 2 1 1 1 1 1 2 2 1 1 1 1 1 1 1 1 1 1 1 2 1 2 1 1 1 2 1 1 1 1 1 1 2 1 1 1 1 1 1 1 1 1 1 1 1 1 1 2 1 1 1 1 1 1 1 1 1 1 1 1 1 1 1 1 1 1 1 1 1 1 1 2 1
801
2 1 3 3 1 2 1 2 1 1 1 1 2 2 2 2 3 1 1 2 2 1 1 1 1 1 1 2 2 2 1 2 2 3 2 2 1 2 1 2 2 3 1 1 1 2 2 1 2 1 1 2 2 1 1 2 1 1 2 1 1 1 2 3 3 3 3 2 3 1 2 2 1 1 2 2 2 2 1 1 1 1 2 2 1 2 2 1 1 3 2 1 2 3 1 2 3 1 2 1 3 2 2 3 1 2 2 2 3 1 2 1 1 2 2 3 1 2 2 2 2 2 1 2 2 1 3 1 2 1 1 2 2 1 1 2 2 1 2 1 1 1 1 1 2 1 2 1 2 3 2 2 1 2 1 1 1 1 1 2 3 1 1 2 1 1 3 1 2 3 2 1 2 2 3 3 2 2 2 3 2 2 3 1 2 2 2 1 2 2 1 3 2 1 1 3 2 3 2 3 2 1 1 2 3 3 3 1 2 1 2 1 3 1 2 2 3 2 2 3 1 1 2 3 2 2 2 1 1 2 1 2 1 2 2 3 1 3 2 1 2 2 1 2 1 3 1 3 1 1 2 1 1 1 3 2 3 1 2 1 2 3 1 1 1 1 2 2 2 2 1 2 3 3 1 2 2 2 1 2 1 2 3 1 1 2 1 2 2 2 2 3 1 2 1 1 2 2 2 1 3 1 3 2 1 3 1 1 1 2 3 1 2 2 1 1 2 1 2 2 2 2 2 1 2 2 2 1 3 1 3 2 1 2 3 2 2 3 1 2 3 2 2 3 2 1 1 2 2 2 1 3 2 3 1 3 1 2 2 1 3 3 2 2 1 3 2 1 2 1 1 2 1 2 3 2 2 1 3 2 2 2 2 2 3 3 1 2 1 3 1 2 3 1 3 2 2 2 3 3 3 2 1 2 2 1 1 3 2 2 2 2 2 1 1 2 1 3 2 1 3 2 1 1 1 3 1 1 2 3 2 3 2 2 2 2 1 3 1 2 3 2 1 1 1 1 2 1 2 1 1 3 2 1 1 2 3 1 1 2 1 2 3 1 1 2 2 2 1 3 1 3 2 1 3 2 1 3 3 1 1 3 2 2 2 1 3 2 1 2 1 2 1 2 3 1 2 1 1 2 2 2 1 2 1 2 1 1 1 2 2 1 1 1 3 3 1 2 3 2 1 2 1 1 3 1 1 1 1 1 3 2 2 1 2 1 3 1 2 2 2 3 2 2 1 2 1 2 2 3 2 1 1 3 2 2 1 1 1 2 1 1 3 1 3 2 1 2 1 2 2 3 2 2 3 1 1 2 1 1 2 2 3 2 3 3 1 1 1 2 1 1 2 2 3 2 2 3 2 1 2 2 2 1 2 1 2 3 2 1 1 1 2 2 2 1 1 1 1 3 3 2 3 1 2 2 2 3 1 3 2 1 1 2 1 3 2 1 3 1 2 2 2 2 2 1 2 3 2 2 1 1 1 3 2 1 2 1 3 1 2 3 1 2 2 3 2 1 1 2 1 1 3 1 2 1 1 2 2 1 2 2 2 2 2 2 1 2 3 2 1 1 1 2 1 3 3 1 2 2 3 3 2 1 3 1 1 2 2 1 1 1 1 2 2 2 2 1 1 1 3 3 2 1 3 1 2 2 3 2 1 3 2 1 1 1 3 2 3 1 2 2 2 1 1 3 1 2 2 2 1 1 2 2 2 1 3 2 3 3 2 2 1 2 1 1 3 1 1 1 1 2 1 3 2 2 2 2 2 1 1 2 2 3 2 1 1 3 2 1 1 3 1 2 2 3 2 1 1 2 1
1563
1 1 1 1 1 1 1 1 1 1 1 1 1 1 1 2 1 2 1 2 1 1 1 1 2 2 1 2 2 1 1 1 1 1 1 1 2 1 1 1 1 2 1 1 1 1 1 2 1 1 1 1 2 1 1 1 1 1 1 1 1 1 2 1 1 1 2 2 1 1 2 1 2 1 1 1 1 1 1 1 1 1 1 1 1 2 1 2 1 2 1 1 1 1 1 2 1 1 2 1 2 2 1 1 1 1 1 1 1 2 1 2 1 1 1 1 2 1 1 1 1 1 1 1 2 2 1 1 1 1 1 1 2 1 1 1 1 1 1 2 1 1 2 1 1 1 2 1 1 1 2 1 2 1 1 2 2 1 1 1 1 1 1 1 1 1 1 1 1 2 1 1 1 1 1 1 1 1 1 1 1 1 1 1 2 1 1 1 1 1 1 2 1 1 1 1 1 1 1 1 1 1 1 2 1 1 2 1 1 1 1 1 1 1 2 1 1 2 1 1 1 1 1 1 1 1 2 1 1 1 1 1 1 1 1 1 2 1 1 1 2 1 1 2 1 1 2 1 2 1 1 1 1 1 1 1 2 2 1 1 1 1 1 1 1 1 1 1 1 1 2 2 1 1 1 1 1 2 2 2 1 1 2 1 1 1 1 1 1 1 1 1 1 1 1 2 2 1 1 1 1 2 1 1 2 1 1 1 1 1 1 1 1 1 1 1 2 2 1 1 1 1 1 1 1 1 1 1 2 1 1 1 1 1 1 2 1 1 1 1 1 1 1 2 1 2 1 1 1 1 2 1 1 2 1 1 1 1 1 1 1 1 2 2 1 1 1 1 2 1 2 1 2 2 2 1 2 1 1 1 1 2 1 2 1 1 1 1 1 1 1 1 1 2 1 1 2 1 1 1 1 2 1 1 1 1 1 1 1 1 1 1 2 2 1 2 1 1 1 1 2 2 2 1 2 2 1 1 1 1 1 1 2 1 1 2 1 2 1 1 1 1 1 1 1 1 1 1 1 2 1 1 2 1 1 1 1 1 2 1 1 2 2 1 1 1 1 2 1 1 2 1 1 1 1 1 2 2 1 1 1 1 1 1 1 1 1 2 1 1 1 1 1 1 1 1 1 2 2 1 1 2 1 1 1 1 1 1 1 1 1 2 1 1 2 2 1 1 1 1 1 2 1 1 1 1 1 1 2 1 1 1 1 1 2 1 1 1 2 1 1 2 1 1 1 1 1 1 1 1 1 1 1 1 1 1 2 1 1 1 1 1 1 1 2 1 1 1 2 2 1 2 1 1 1 1 2 1 1 1 1 2 1 1 1 1 1 1 2 1 1 2 1 1 1 1 1 1 1 1 1 1 1 1 2 1 2 1 1 1 1 1 1 1 1 1 1 1 1 1 1 2 1 1 2 1 2 1 1 1 2 1 1 1 1 1 1 1 1 1 1 1 1 1 1 1 1 2 2 1 1 1 2 1 1 1 2 1 2 1 2 2 1 1 1 2 1 2 2 2 1 1 1 1 1 2 1 1 2 1 1 2 1 2 2 1 2 1 2 1 1 2 1 2 1 1 1 2 1 1 1 2 1 1 1 1 2 2 1 1 1 1 2 1 1 1 1 2 2 1 1 1 1 1 1 1 1 1 1 1 1 2 1 1 1 1 1 1 1 1 1 1 1 1 1 1 1 1 1 1 1 2 1 1 2 1 1 2 2 1 1 1 1 1 1 1 1 1 1 1 1 1 1 1 2 1 1 1 2 2 2 1 1 1 1 1 1 1 1 1 1 1 1 2 1 1 1 1 1 2 1 1 1 1 1 1 1 1 2 2 1 1 1 1 1 1 1 1 2 2 1 2 1 2 2 1 1 1 2 1 1 2 1 1 1 2 1 2 2 1 2 2 1 2 1 1 1 2 2 1 1 2 1 2 1 1 1 2 1 1 1 2 1 1 1 1 1 1 2 1 2 1 1 1 2 1 1 1 1 1 1 2 1 1 2 1 2 2 1 1 1 2 2 1 2 1 2 1 1 1 1 1 1 1 1 1 1 1 1 2 1 1 1 2 1 1 1 2 2 1 1 1 1 1 1 1 1 2 1 1 1 1 1 1 1 1 2 1 1 1 1 2 1 2 1 1 1 1 1 1 1 1 1 2 1 1 1 1 1 1 1 1 1 2 2 1 1 1 2 2 1 1 1 1 2 1 1 1 1 1 1 2 1 2 1 1 1 1 1 2 1 2 2 1 1 1 1 2 2 1 1 1 1 1 2 1 1 1 2 1 1 2 2 1 2 1 2 1 1 1 2 1 2 1 1 1 2 1 1 1 1 1 2 2 1 1 1 1 1 2 1 1 2 1 1 1 1 1 1 1 1 1 1 2 2 1 1 1 2 1 1 1 1 1 1 1 1 1 1 2 1 1 1 1 1 1 2 1 1 1 1 1 1 1 1 1 2 1 1 1 1 1 1 2 1 1 1 2 2 1 1 1 1 2 1 1 1 2 1 1 1 2 1 1 2 2 1 1 1 1 2 1 2 2 1 1 1 1 1 1 1 1 1 1 1 1 1 1 1 2 2 1 2 1 1 2 2 2 1 1 2 2 1 1 2 1 1 1 1 1 1 1 2 1 1 1 1 1 1 1 1 1 1 1 2 2 1 1 1 1 1 2 1 1 1 1 1 1 1 1 2 2 1 1 1 1 1 2 1 1 1 1 1 1 1 1 1 1 1 1 1 2 1 1 1 2 1 1 1 1 1 1 1 1 1 1 1 1 1 2 1 1 1 1 1 1 2 1 1 1 1 1 1 1 1 1 1 1 1 1 1 2 1 1 1 1 2 2 2 2 1 1 1 1 1 1 1 2 1 2 1 2 2 1 1 2 1 1 1 1 2 1 1 1 1 1 1 1 1 2 1 1 1 2 1 2 1 1 1 1 1 1 1 1 2 1 1 2 1 1 1 1 1 2 1 1 2 1 1 1 1 1 1 1 1 1 1 1 2 1 1 1 1 1 1 1 2 1 1 1 1 1 1 1 1 1 1 1 1 1 1 2 1 1 1 2 1 1 2 1 2 1 1 2 2 1 1 2 1 1 2 1 1 2 1 1 2 1 1 1 1 1 1 1 1 2 1 1 1 1 1 1 1 2 2 1 1 1 1 1 1 1 1 1 1 1 1 1 2 2 1 1 1 1 1 1 1 1 1 2 1 1 1 1 2 1 1 2 2 1 1 2 2 1 1 1 2 1 2 2 1 1 1 1 1 1 1 1 1 1 1 1 1 1 2 1 1 1 1 1 2 2 1 1 1 1 1 1 1 2 1 1 1 1 1 1 1 1 1 1 1 1 1 1 1 1 1 2 1 1 1 1 2 1 1 1 2 1 2 1 1 1 1 1 1 1 1 1 1 1 1 2 2 2 1 2 2 1 1 1 1 1 1 1 1 1 1 1 1 1 1 1 1 1 1 2 2 1 1 1 2 2 1 1 1 2 1 1 1 2 1 2 1 1 1 2 2 1 1 1 1 1 1
953
1 1 1 2 1 2 2 1 2 2 1 2 1 1 1 3 1 1 3 1 1 2 3 2 1 1 1 2 2 1 2 1 2 2 1 1 2 1 1 1 2 1 1 2 1 1 1 1 2 2 1 1 1 2 1 1 1 1 1 2 2 2 1 3 2 1 2 1 2 2 2 1 1 2 1 1 1 1 1 1 1 1 1 1 2 1 2 1 2 2 1 1 2 1 2 2 2 1 2 1 2 2 2 2 2 2 2 3 2 3 1 1 1 1 2 2 2 2 1 2 1 1 1 1 2 1 1 1 3 1 1 2 1 1 2 2 1 1 1 2 1 2 1 3 1 3 2 1 2 1 2 2 2 2 1 2 1 1 2 2 1 2 2 2 2 1 1 2 1 1 2 2 2 1 2 1 2 1 1 1 1 1 1 2 2 2 1 1 2 1 1 1 2 2 2 2 1 1 1 2 1 2 2 1 1 2 2 2 2 1 1 1 1 1 2 1 3 2 2 1 2 2 2 1 2 2 2 2 1 1 1 2 2 1 2 1 1 2 2 1 2 1 2 2 2 1 2 2 2 1 2 1 2 1 1 1 1 2 2 2 2 2 1 1 2 1 3 1 3 3 1 1 1 1 2 2 2 1 2 1 1 2 2 1 1 1 3 2 1 2 2 3 2 2 2 1 1 1 2 2 2 1 1 1 2 1 2 2 1 1 1 1 2 1 2 2 1 1 1 1 1 2 2 1 2 1 1 1 2 1 2 2 2 1 2 2 1 1 3 1 2 1 2 1 1 2 2 1 3 2 1 2 1 2 1 2 2 1 2 1 1 2 2 1 2 2 1 1 2 2 2 1 2 2 2 1 2 2 1 1 2 2 1 1 1 1 2 2 2 2 1 1 1 1 1 1 1 1 1 2 1 3 2 2 2 1 2 1 1 3 2 2 2 1 2 1 2 2 1 2 1 1 2 2 1 2 1 1 1 1 2 2 2 1 2 1 2 1 1 1 2 2 2 2 2 2 3 2 2 2 2 1 2 2 1 1 1 1 3 2 1 2 2 1 2 2 2 2 2 2 1 1 3 2 2 2 2 2 1 2 2 1 1 2 1 1 1 2 1 2 2 2 2 1 2 2 2 1 2 1 1 1 1 1 2 1 1 1 1 2 1 2 1 1 2 1 2 2 1 1 2 1 1 1 1 2 2 1 2 1 1 1 2 2 2 1 2 1 1 1 1 2 1 2 2 1 1 2 1 1 2 1 1 1 1 1 2 2 2 2 2 1 1 1 1 1 1 1 1 1 2 2 2 1 1 1 2 2 2 1 1 1 1 1 1 1 2 2 1 2 1 1 1 2 1 1 1 1 1 2 2 1 2 1 2 1 1 1 1 2 3 2 2 2 1 1 2 2 2 2 1 2 1 1 1 1 2 1 2 2 1 1 2 2 2 2 2 2 2 2 1 1 1 1 2 1 2 2 2 2 1 1 2 1 2 1 2 2 2 1 2 1 1 1 1 2 1 2 1 2 2 2 2 2 1 1 2 1 3 2 1 2 1 3 1 1 1 1 1 2 2 1 2 1 2 2 3 2 1 1 1 2 1 2 2 2 1 1 1 3 1 2 1 2 2 1 1 2 1 1 1 1 1 2 2 1 3 1 3 3 2 1 1 3 2 1 1 1 2 2 1 1 1 1 1 2 2 2 1 2 1 2 2 1 1 1 1 2 1 2 2 2 1 2 1 2 1 3 2 1 1 2 1 1 2 2 1 1 1 1 1 2 1 1 2 1 2 1 2 1 1 2 3 2 1 1 1 1 2 2 1 3 1 2 1 2 1 3 3 2 2 2 1 1 1 1 2 1 2 2 1 1 1 2 2 2 1 1 2 1 3 2 2 2 2 1 1 2 2 1 3 2 2 2 3 1 2 2 1 2 3 2 1 1 3 1 1 3 2 1 1 2 1 2 1 2 1 2 1 1 2 1 2 2 1 1 1 1 3 1 2 1 2 1 2 2 1 1 1 1 2 2 2 2 2 2 2 1 1 2 1 2 1 1 1 2 1 2 1 3 3 1 1 2 2 1 2 1 1 2 1 2 1 2 1 2 2 1 1 1 2 1 2 2 1 2 1 1 1 2 1 2 2 2 2 1 2 1 1 2 1 2 1
1654
1 1 1 2 1 1 1 1 1 1 2 1 2 1 1 1 2 1 1 1 1 2 1 1 2 1 1 1 1 1 1 1 1 1 1 2 1 1 2 1 1 1 2 1 1 1 2 2 2 2 1 1 2 1 1 2 1 1 1 1 1 1 1 2 1 1 1 1 2 1 1 1 1 1 1 2 1 1 1 1 1 1 1 1 1 1 1 1 1 1 1 1 1 2 1 1 2 1 1 2 1 1 1 1 1 1 1 1 1 2 1 1 1 1 1 2 2 1 2 1 1 1 1 2 2 1 1 1 2 1 1 1 1 1 1 2 1 1 1 1 1 1 1 1 1 1 2 1 1 1 2 1 1 1 1 1 1 1 1 1 1 1 1 1 1 2 2 2 1 1 2 1 2 1 1 1 2 1 1 1 1 1 1 2 1 1 1 2 1 2 1 2 1 1 1 1 2 2 1 1 1 1 2 2 1 1 1 1 1 2 1 1 1 1 1 1 1 1 1 1 1 1 2 1 1 1 1 1 1 2 2 1 1 1 1 1 2 1 2 1 1 1 1 1 1 1 1 1 1 1 1 1 1 1 1 2 1 1 1 1 1 1 1 1 1 2 1 1 1 1 1 1 1 1 1 1 1 1 1 1 1 2 1 1 1 2 1 2 1 1 1 1 1 1 1 1 1 2 1 1 1 2 1 1 1 1 1 1 1 1 1 1 1 1 1 2 2 2 1 2 1 1 1 1 1 2 1 1 1 2 1 1 2 1 1 1 1 1 2 1 2 1 2 2 1 1 1 2 1 1 1 1 1 1 1 1 1 1 1 1 1 2 1 1 1 1 1 2 1 2 2 1 1 1 1 2 1 1 1 1 1 2 1 1 1 1 2 1 1 1 1 1 1 1 2 1 1 1 1 1 1 1 1 1 2 1 1 1 2 1 2 1 1 2 2 2 1 1 1 1 1 1 1 2 2 2 1 1 1 1 1 2 2 1 1 1 1 1 1 1 2 1 1 1 1 2 1 1 1 1 1 1 1 2 1 1 1 1 1 1 1 1 1 1 1 1 1 2 1 1 2 1 1 1 1 1 1 1 1 1 1 1 1 1 1 1 1 1 2 1 1 2 1 2 1 1 1 1 2 1 1 1 1 1 1 1 1 1 1 1 2 1 1 1 1 1 1 2 1 2 2 1 1 1 1 1 1 1 1 2 1 2 1 1 2 1 1 1 1 2 1 1 1 1 1 1 1 1 1 1 1 1 2 1 1 1 1 1 1 1 1 1 1 1 1 1 2 1 1 1 1 1 1 1 1 1 1 1 1 1 1 1 2 1 1 1 1 1 1 1 1 1 1 2 1 2 1 2 2 1 1 1 1 1 1 1 1 1 1 1 1 1 1 1 1 1 1 2 1 1 1 1 2 1 1 1 1 2 1 1 1 2 1 1 1 1 1 1 1 1 1 2 1 1 1 1 1 1 1 1 2 1 1 1 1 2 1 2 1 1 1 1 1 2 1 1 2 2 1 1 1 1 1 1 1 2 1 2 1 1 2 1 2 1 1 1 1 1 1 1 1 2 1 1 1 1 1 1 2 1 1 1 1 1 2 1 1 2 1 2 2 1 2 1 1 1 1 1 1 1 1 1 2 2 1 1 1 1 1 1 2 2 1 2 1 2 2 2 1 1 2 1 1 1 1 1 1 1 1 1 1 1 1 2 1 1 1 1 1 1 1 1 1 1 1 2 1 1 1 1 1 1 1 1 1 1 1 1 1 2 2 1 1 2 2 1 1 1 1 1 1 1 1 2 2 1 1 2 1 1 1 1 2 1 1 1 1 1 2 1 1 1 1 1 1 1 1 1 1 1 1 1 1 1 1 1 2 1 1 1 1 1 1 2 1 1 1 1 1 1 1 2 1 1 1 1 1 1 1 1 1 1 1 1 1 1 1 1 1 2 1 1 2 1 1 1 1 1 1 1 1 1 1 1 1 1 1 1 1 1 1 2 1 1 1 1 1 1 1 1 1 1 1 1 2 1 1 2 2 2 1 1 1 1 1 1 1 1 2 1 1 1 1 1 1 1 1 2 2 1 1 2 1 1 1 2 1 1 1 1 1 2 1 1 2 1 1 1 1 2 2 2 1 2 1 1 1 2 1 1 1 1 1 1 1 1 1 2 1 1 1 1 1 1 1 1 1 1 1 2 1 1 1 1 2 1 1 1 2 1 2 1 1 1 1 1 2 1 1 1 2 1 1 1 1 1 2 1 1 1 1 2 1 1 1 1 1 1 1 2 1 1 1 1 1 1 1 2 2 2 1 1 1 1 1 1 1 1 1 1 2 1 1 2 2 1 1 1 1 1 1 1 1 1 2 2 1 1 2 1 1 1 1 1 1 1 1 1 1 1 2 1 1 1 1 1 1 1 1 1 1 1 2 1 1 1 1 1 1 1 1 1 1 1 2 1 1 1 1 1 1 1 2 2 1 1 2 1 2 1 1 1 1 1 1 1 2 1 1 1 1 1 1 1 2 1 1 1 1 1 1 2 1 1 2 2 2 1 1 1 2 1 1 1 1 1 1 1 1 2 1 1 1 1 1 1 1 1 1 1 1 1 1 2 1 1 1 1 1 1 1 1 1 2 2 1 1 1 1 1 1 1 2 1 1 1 1 1 1 1 1 1 1 2 1 1 1 1 1 1 1 1 1 1 1 1 1 1 2 1 1 1 1 1 1 1 1 1 1 1 2 1 1 1 1 1 2 1 2 1 1 1 1 1 1 1 1 1 1 1 1 1 1 1 1 2 1 1 2 1 1 2 1 2 1 1 2 2 1 1 1 1 1 1 1 1 1 1 1 1 1 1 2 1 1 2 2 1 2 1 1 1 2 1 1 1 2 2 1 2 1 1 2 1 1 2 1 1 2 1 1 2 2 2 1 1 1 1 1 1 1 1 1 2 1 2 1 1 1 1 1 1 1 1 1 1 1 1 1 1 1 1 1 1 1 1 1 1 1 1 1 1 2 1 1 1 1 1 1 1 1 1 1 1 1 1 1 1 1 1 2 1 2 1 1 1 1 1 1 1 1 1 1 1 1 2 2 1 1 1 1 1 1 1 1 2 1 1 1 1 1 1 1 1 1 1 1 1 1 1 1 1 1 1 1 1 1 1 1 1 1 1 1 1 2 2 1 1 1 1 2 1 1 1 1 1 1 1 1 1 2 2 2 1 2 1 2 2 2 2 1 1 2 1 1 1 1 1 1 1 1 1 1 1 1 1 1 1 1 1 1 1 1 1 1 1 1 1 1 1 1 2 1 1 2 1 2 1 1 1 1 1 1 2 1 1 1 1 1 2 1 1 1 1 1 1 1 1 1 2 1 1 1 1 1 1 1 1 2 1 1 1 1 1 2 1 1 1 1 1 1 2 1 1 2 2 1 1 1 1 2 1 1 1 1 2 1 2 2 1 1 1 1 1 1 1 1 1 1 2 1 2 1 1 1 1 2 1 1 2 2 1 1 1 1 2 1 1 1 1 1 1 1 1 1 1 1 2 1 1 1 1 1 1 1 2 1 1 1 2 1 1 1 1 1 1 1 1 1 1 1 2 2 1 1 1 1 1 1 1 1 1 1 1 1 1 1 1 1 2 1 1 2 2 1 1 1 1 2 2 1 1 1 1 1 1 1 1 1 2 1 1 1 1 1 1 2 1 1 1 2 1 1 1 2 1 1 1 2 2 2 1 1 1
1680
2 2 1 1 2 2 1 1 1 2 1 1 1 1 1 1 1 1 1 2 1 1 1 1 1 1 1 1 2 1 1 2 1 1 1 1 1 2 2 1 1 1 1 1 1 1 1 1 1 1 1 1 1 1 1 1 1 1 1 1 1 2 1 2 1 1 1 1 1 1 1 1 1 1 1 1 1 1 2 1 1 1 1 1 1 1 2 2 1 1 1 1 2 1 1 1 2 2 1 2 2 1 1 1 1 1 2 2 2 2 1 1 2 1 1 1 1 1 1 2 1 1 1 2 1 1 2 1 1 1 2 1 1 1 1 1 1 1 1 1 1 1 1 1 1 1 1 1 1 1 1 1 1 1 1 1 1 1 1 2 1 1 1 1 2 1 1 1 1 1 1 1 1 1 1 1 1 1 2 1 1 1 1 1 1 1 1 1 1 2 1 1 1 1 2 1 1 1 1 1 2 1 1 1 1 2 1 1 1 2 1 1 1 1 2 1 2 2 1 1 1 1 1 2 1 1 1 2 1 1 1 1 1 1 2 2 1 1 1 1 1 1 1 1 1 1 2 1 1 1 1 1 1 1 1 1 1 1 1 1 1 2 1 2 1 1 2 1 1 1 2 1 1 1 1 2 1 1 1 1 1 1 1 1 1 1 2 1 2 1 1 1 1 2 1 1 1 1 1 1 2 1 1 2 1 1 1 2 1 1 1 1 2 1 1 1 1 1 1 1 2 1 1 2 1 1 1 1 1 1 2 1 1 1 1 2 1 1 1 1 1 1 1 1 1 1 1 1 2 1 1 1 2 1 1 2 1 1 2 1 2 1 1 1 1 1 1 1 1 1 1 1 1 1 1 1 1 1 1 2 1 1 1 1 1 1 1 1 1 1 1 1 1 1 1 2 2 1 1 1 1 2 1 1 1 1 1 1 1 1 1 1 1 1 2 1 1 1 1 2 1 1 1 1 1 2 1 1 1 1 1 1 2 1 1 1 1 1 1 1 1 2 1 1 2 1 1 1 1 1 2 2 1 1 1 1 1 2 1 1 1 1 1 1 1 1 1 2 1 1 1 1 1 1 1 2 1 1 1 1 2 1 2 1 2 1 1 1 2 1 1 1 1 1 2 1 1 1 2 1 1 1 1 2 1 2 1 1 1 1 1 1 1 1 1 1 1 1 2 1 2 1 1 2 2 2 1 1 1 1 1 1 1 2 1 1 1 1 1 1 1 1 1 1 1 1 1 1 2 1 1 2 1 1 1 2 1 1 2 1 1 2 1 1 1 1 1 1 1 2 1 1 1 1 1 2 1 1 1 2 2 1 2 1 1 1 1 1 1 1 1 1 1 1 1 1 1 1 1 1 2 1 2 2 2 1 2 2 1 1 1 2 1 1 1 1 2 1 1 1 2 1 1 1 1 1 1 1 1 1 1 1 1 1 1 2 2 2 2 2 1 1 1 1 2 1 2 1 1 1 1 1 1 1 1 1 1 2 1 1 1 1 1 1 2 2 1 1 1 1 1 1 1 1 1 1 1 1 1 1 1 2 1 1 2 1 1 1 1 1 1 1 1 1 1 1 2 1 1 1 1 2 1 1 1 1 1 2 1 1 1 2 2 2 1 1 1 1 1 2 1 1 1 1 1 1 1 1 2 1 1 1 2 1 1 1 1 1 2 1 1 1 1 1 1 1 2 1 1 1 1 1 1 1 1 1 1 1 1 1 1 1 1 1 1 1 1 1 1 2 2 2 1 1 1 1 1 1 1 1 1 1 1 1 1 1 1 2 1 1 1 1 1 1 1 1 2 1 2 2 1 1 1 1 1 1 1 1 2 1 1 1 2 2 1 1 1 1 1 1 1 1 2 1 1 2 1 1 1 1 1 1 1 1 1 1 1 1 1 1 1 1 2 1 1 1 1 1 1 1 1 2 2 1 1 2 2 1 1 1 1 1 1 1 1 2 1 2 1 1 2 1 1 2 2 1 1 1 1 1 1 1 1 2 1 1 1 1 1 1 1 2 1 1 1 1 1 2 1 1 1 1 2 1 1 1 1 2 1 1 1 1 1 1 1 2 1 2 1 2 1 1 2 1 1 2 1 1 1 1 2 1 1 1 1 1 1 1 2 1 1 1 2 2 2 1 1 1 1 2 1 2 1 1 1 1 1 1 1 1 1 2 2 1 1 2 1 1 1 1 1 2 1 1 2 1 1 1 1 1 1 1 1 1 1 1 1 1 1 1 1 1 1 1 1 1 1 2 1 1 1 1 1 2 1 1 1 1 1 1 1 1 1 1 1 1 1 1 1 1 1 1 1 1 1 1 1 1 1 1 1 1 1 1 1 1 1 2 1 1 1 1 1 1 1 1 2 1 2 1 1 1 1 2 2 1 1 1 1 1 1 1 2 1 1 1 1 1 1 1 1 1 1 1 1 1 1 1 1 1 1 1 1 1 1 1 1 1 1 1 1 1 1 1 2 2 1 2 1 1 2 1 1 2 1 1 1 1 1 1 1 1 2 1 1 1 1 2 1 1 1 1 1 2 1 1 1 1 2 1 1 1 1 1 1 1 1 2 1 1 1 1 1 1 1 1 1 2 1 2 1 1 2 2 2 1 2 1 1 1 2 1 1 2 1 1 1 1 1 2 2 1 1 1 2 1 1 1 1 1 1 1 1 1 1 1 1 1 1 1 1 1 1 1 1 1 2 1 1 1 1 1 2 1 1 2 1 1 1 1 1 1 1 2 1 1 1 1 1 1 1 1 1 1 1 1 1 2 1 1 1 1 2 2 1 1 1 1 1 1 1 2 1 1 1 1 1 2 2 1 2 2 1 1 1 1 1 1 1 1 1 1 1 1 1 1 1 1 2 1 1 1 1 2 1 1 2 1 1 1 1 1 1 1 1 1 1 1 1 1 1 1 1 1 2 1 1 1 1 2 1 2 1 1 1 1 1 2 1 1 2 1 1 1 1 1 2 2 1 1 1 1 1 1 1 1 1 1 1 2 1 1 1 1 1 2 2 1 1 1 1 1 1 1 1 2 1 1 1 1 2 1 1 1 2 1 1 1 1 1 1 1 1 2 1 2 1 2 1 2 1 1 1 1 1 1 1 1 1 2 1 1 1 1 1 1 1 1 2 1 1 2 1 1 1 2 1 1 1 1 1 1 1 1 1 1 2 1 1 1 1 1 1 1 1 1 1 2 2 2 2 1 1 1 1 1 1 1 1 1 1 1 1 1 1 1 1 2 2 1 2 1 1 1 1 1 1 1 2 1 1 1 2 1 1 1 1 1 2 1 1 1 1 1 2 1 1 1 2 1 1 1 1 1 1 2 1 1 1 1 1 1 1 1 1 1 1 1 1 1 1 1 1 2 1 1 1 1 1 1 2 1 1 2 1 1 1 1 2 1 1 1 1 1 1 1 1 1 1 1 1 1 1 1 1 2 1 1 2 1 1 2 1 1 1 1 1 1 1 1 1 1 2 1 2 1 1 2 1 1 1 1 1 1 1 1 1 1 1 1 1 1 1 1 1 1 1 1 1 1 2 1 1 1 1 1 1 1 1 1 2 1 1 1 2 1 1 1 1 1 1 1 2 1 1 1 1 1 1 2 1 1 1 1 1 2 1 1 1 2 1 2 1 2 1 1 1 1 1 1 2 1 1 1 1 1 1 1 2 1 1 1 1 1 2 1 1 1 1 2 1 1 2 1 1 2 1 1 1 1 1 1 1 1 1 2 1 1 2 1 1 1 1 1 1 2 2 1 1 1 1 1 1 1 2 1 1 2 1 1
911
1 1 1 1 1 3 1 1 2 2 3 1 1 1 2 1 1 1 2 1 1 2 2 1 2 2 3 2 1 2 2 1 2 2 2 2 2 1 1 1 2 2 3 1 1 3 2 1 3 2 2 1 1 1 1 2 2 1 1 1 2 2 2 2 1 1 2 1 2 1 2 1 1 1 2 2 1 2 2 2 1 2 2 2 2 2 1 2 1 2 3 1 1 1 1 1 1 1 2 2 1 2 2 1 2 2 1 2 1 1 2 3 2 2 1 2 1 2 1 1 2 2 1 1 1 1 2 2 1 2 3 1 1 3 2 1 2 2 1 1 2 1 2 2 1 2 1 3 1 1 1 3 2 2 2 1 1 2 1 2 2 2 2 1 3 1 2 2 2 1 2 2 2 2 1 2 2 2 1 1 1 1 1 3 1 1 2 1 2 2 1 1 2 1 1 1 1 2 1 2 1 2 2 3 2 1 1 2 2 1 1 1 2 2 3 2 1 2 1 2 2 3 3 2 2 2 2 1 2 1 1 3 2 2 2 1 2 1 1 1 2 2 2 2 2 1 1 1 2 2 3 2 2 2 1 3 2 2 1 1 3 2 2 2 2 2 1 1 2 2 2 2 2 1 2 2 1 1 3 2 3 1 1 2 1 2 1 1 2 2 2 1 2 1 3 1 1 3 2 2 2 2 2 1 1 2 1 1 1 1 2 2 3 3 1 2 1 2 1 1 1 1 2 1 2 1 1 2 1 1 1 3 1 1 2 1 2 1 1 2 2 1 2 2 2 1 1 2 2 2 1 2 1 1 2 2 1 1 1 1 2 2 1 2 1 2 1 1 2 2 2 3 1 2 2 2 2 1 2 1 2 1 1 2 2 1 1 2 1 2 2 2 1 1 2 2 1 3 2 1 2 2 1 2 1 2 2 1 1 1 1 2 2 1 1 1 1 2 1 1 1 2 2 2 1 1 2 2 2 1 1 3 2 1 2 2 1 2 2 2 2 2 2 2 2 2 2 1 1 2 2 1 1 1 2 3 1 2 2 1 2 2 2 3 2 2 1 3 3 1 2 2 2 2 1 1 2 2 2 2 2 2 2 1 1 1 1 2 2 2 3 2 1 2 3 2 1 2 1 1 1 2 2 2 1 2 2 1 1 1 2 3 1 3 1 2 2 1 2 2 3 1 1 1 1 2 3 2 2 2 2 2 2 1 2 2 1 2 1 2 2 2 1 2 2 1 2 1 2 3 1 1 2 1 1 2 1 2 1 1 1 1 1 1 1 2 2 1 1 2 1 1 2 1 3 2 1 2 3 2 1 2 1 1 1 1 2 2 2 1 1 1 2 1 2 1 1 2 2 1 1 1 1 2 3 3 1 2 2 2 1 2 1 2 1 2 2 2 2 2 1 2 3 2 2 2 3 1 2 2 1 1 1 1 2 2 2 1 2 1 1 2 1 2 3 2 1 1 2 3 2 3 1 2 1 3 2 1 1 3 1 2 2 2 1 2 1 1 1 2 1 2 1 2 2 1 1 1 1 1 2 2 1 1 2 1 1 2 2 2 1 1 1 3 2 3 2 2 1 2 3 1 1 1 2 1 3 2 1 2 1 2 1 2 3 1 1 1 1 1 1 1 2 1 1 1 2 2 2 2 1 1 2 1 1 1 2 1 2 2 2 1 2 1 3 1 1 2 2 1 2 1 1 2 1 1 1 2 2 2 2 2 3 2 1 3 2 2 3 2 3 2 1 1 1 2 2 2 2 2 1 1 2 2 1 1 2 1 1 1 2 2 2 1 1 2 1 2 2 2 1 2 1 1 1 2 1 1 3 2 1 2 2 2 1 2 3 1 1 1 3 1 2 1 1 1 1 2 2 1 2 1 2 1 1 2 1 1 2 1 1 2 1 2 1 2 3 2 2 1 3 3 2 3 2 2 1 2 2 1 2 1 1 1 2 1 2 2 1 2 2 1 1 1 2 1 1 2 1 2 1 2 1 3 2 2 2 1 1 2 2 1 3 2 1 2 2 2 2 1 1 1 1 1 2 2 2 2 1 3 1
730
2 3 2 1 1 1 1 3 3 1 3 3 1 1 1 1 2 2 3 3 2 1 3 3 2 2 3 3 1 2 3 3 2 1 2 3 2 2 2 2 1 2 2 2 1 3 1 3 1 3 3 1 2 2 3 2 2 1 2 1 2 2 2 2 1 2 1 2 2 3 2 2 2 1 2 1 2 2 3 2 1 2 1 1 3 2 1 3 2 2 2 2 3 1 1 2 1 3 2 2 1 2 2 3 3 1 2 1 2 3 2 1 2 3 1 3 2 2 3 2 2 3 3 3 1 2 3 1 3 2 3 3 1 1 1 2 3 1 3 2 2 2 2 1 1 1 2 2 2 2 3 2 1 2 1 2 1 3 1 2 3 2 3 3 3 2 2 1 3 1 1 1 1 3 1 2 1 2 2 2 3 1 1 3 2 1 2 1 2 1 2 3 2 2 1 2 1 1 3 2 3 3 3 3 2 1 2 2 2 2 3 2 1 1 2 2 2 1 2 2 1 1 2 1 2 3 1 1 2 1 1 2 3 2 3 3 3 1 3 1 3 2 1 1 3 2 3 3 2 1 1 2 3 1 2 1 3 3 1 2 1 2 3 2 2 2 3 3 1 1 3 1 3 1 2 2 3 2 1 2 1 3 2 2 3 1 3 3 1 2 1 2 1 1 2 1 1 1 1 2 2 3 2 1 1 3 3 3 1 1 3 2 3 1 2 1 3 1 3 3 2 2 1 1 3 1 3 1 2 2 1 2 1 3 1 1 3 3 3 3 3 3 1 2 3 2 3 2 2 3 1 3 1 1 1 1 2 2 2 1 3 1 2 2 2 2 1 1 1 3 2 2 1 3 1 1 3 3 1 2 2 2 2 2 1 3 3 3 2 1 2 1 3 1 2 3 3 1 1 2 3 2 2 1 2 2 2 1 3 2 2 3 3 2 1 3 2 2 3 1 2 2 1 1 3 1 3 1 2 1 2 3 2 2 1 3 2 2 3 3 2 3 2 2 2 2 2 1 2 2 1 2 2 3 1 1 1 2 2 2 2 1 2 3 3 3 1 3 2 2 2 1 2 3 1 3 2 1 2 2 2 2 1 2 2 2 2 3 1 1 1 2 2 1 2 3 2 1 1 1 3 1 1 1 2 2 2 3 2 2 1 3 1 1 3 2 1 3 1 3 2 3 1 1 2 3 1 3 1 1 3 2 2 3 3 3 2 3 3 3 1 1 2 1 3 1 2 3 1 1 3 3 3 1 2 3 3 2 2 3 3 2 1 1 1 3 1 1 2 2 3 1 1 3 2 1 3 3 1 2 2 2 3 1 3 3 1 3 2 1 3 2 2 2 2 2 2 3 3 3 1 1 3 1 1 2 1 2 2 3 3 1 1 1 3 2 3 2 2 2 2 3 1 3 2 1 2 3 1 2 1 2 2 1 2 2 1 1 2 2 1 1 2 3 1 2 3 2 3 3 1 2 1 1 2 3 3 1 1 1 1 2 2 3 3 2 2 1 1 1 3 1 2 1 3 1 1 2 3 3 1 3 1 2 2 1 3 2 1 1 2 2 2 1 2 1 3 1 1 1 3 2 2 1 1 3 2 2 2 2 1 1 2 2 1 1 2 2 1 1 2 2 2 2 3 1 3 1 2 1
1643
1 1 1 1 1 1 1 1 2 1 1 2 2 2 1 2 1 1 1 2 2 1 2 2 1 1 1 1 1 1 1 2 1 1 1 1 1 1 1 1 2 2 1 1 1 1 2 1 2 1 1 1 1 1 1 2 1 1 2 1 1 2 2 2 1 1 1 1 1 1 1 1 1 2 1 1 1 1 1 1 2 1 1 1 2 1 1 1 1 1 1 1 1 1 1 1 2 1 1 2 2 1 1 2 1 1 2 1 1 1 1 1 1 1 1 1 2 2 1 1 1 1 2 1 1 2 1 1 1 1 2 1 1 1 1 1 1 1 1 1 1 1 1 1 1 1 2 1 2 2 1 1 1 1 1 2 1 1 1 1 1 2 1 1 1 1 1 1 1 1 1 1 2 1 1 1 2 1 1 1 1 2 1 1 2 1 1 1 1 1 1 1 1 1 1 1 1 1 2 1 2 1 1 1 1 1 2 1 2 1 2 1 1 2 1 1 1 1 2 1 1 1 1 1 1 1 2 1 1 1 1 1 1 1 1 1 1 2 1 2 1 1 1 2 1 2 1 1 1 1 1 1 1 2 1 1 1 1 1 2 1 1 1 1 2 2 1 1 1 1 1 1 1 1 1 1 1 1 1 1 1 1 1 1 1 1 1 1 2 1 1 1 1 1 1 1 1 1 1 1 1 1 1 2 1 1 1 1 1 1 1 1 1 1 2 1 1 2 1 1 1 1 1 1 1 1 1 1 1 1 1 1 2 1 2 1 1 1 1 1 1 1 1 1 1 1 1 2 1 1 2 1 2 1 1 1 1 1 1 1 1 1 1 1 2 1 1 1 1 1 1 1 1 1 1 2 1 1 1 1 1 1 2 1 1 1 1 1 1 1 1 2 1 1 1 1 1 1 1 1 1 1 1 1 1 1 1 1 1 1 1 1 2 2 1 2 1 1 1 2 1 2 1 1 1 1 1 2 1 1 1 1 1 1 2 1 1 1 1 1 1 1 1 1 1 1 1 1 1 1 1 1 1 1 2 1 1 2 1 1 2 1 2 2 1 1 1 1 2 1 1 1 1 1 1 1 1 1 1 1 2 1 1 1 1 1 1 2 1 1 1 1 1 1 1 2 2 1 1 1 1 1 1 2 2 1 1 1 1 2 1 1 1 1 1 1 1 2 1 1 1 1 2 1 1 1 1 1 1 1 1 1 1 1 1 1 1 2 1 1 1 1 1 1 1 1 1 1 1 1 1 2 1 1 1 1 1 1 2 2 1 1 1 1 1 1 1 1 1 2 1 1 1 1 1 1 2 1 2 1 1 1 1 1 2 1 1 2 2 2 2 1 1 1 1 2 1 1 1 1 1 1 1 1 1 1 1 1 1 1 1 1 1 1 1 1 1 1 1 2 2 2 1 1 2 1 1 1 2 2 2 1 1 1 2 1 1 1 1 1 1 1 1 1 1 1 1 1 1 1 2 1 1 1 1 1 1 1 1 1 1 2 1 1 1 1 1 1 2 1 2 1 1 1 1 2 1 2 1 1 1 1 1 1 1 1 1 1 1 2 1 1 1 2 1 2 1 1 1 1 1 1 1 1 1 1 2 1 1 1 1 1 1 1 2 2 1 1 1 1 2 2 1 2 1 1 1 1 1 2 1 2 1 2 1 1 2 1 1 2 2 1 1 1 1 1 1 1 1 1 1 1 1 1 1 1 2 2 1 2 1 2 1 1 1 1 2 1 1 1 2 2 1 1 1 1 1 1 1 1 1 1 2 2 1 1 1 2 1 1 1 1 1 1 1 1 2 1 1 1 1 1 1 1 1 1 1 1 1 1 2 1 1 2 1 2 2 1 1 1 1 1 2 1 1 2 1 1 2 1 1 1 1 1 1 1 1 1 1 1 2 1 1 1 1 1 1 1 1 1 1 1 1 1 1 1 1 1 2 1 1 1 1 2 1 1 1 1 1 1 1 1 2 1 1 1 1 1 1 1 1 1 1 1 2 1 1 1 2 1 1 1 1 2 1 1 1 1 1 1 1 1 1 1 1 1 1 1 1 1 1 1 1 1 1 1 1 1 1 1 1 2 1 1 1 1 2 1 1 2 1 1 1 2 1 1 1 1 1 1 1 1 1 1 1 1 1 2 1 1 1 1 1 1 1 1 2 1 1 1 1 1 1 2 1 1 1 1 1 1 1 2 1 1 1 1 1 1 1 1 1 1 1 1 1 1 1 1 1 1 1 1 1 2 1 1 2 1 2 1 2 1 1 1 2 2 1 1 1 1 2 1 1 2 1 1 1 1 2 1 1 1 1 1 2 1 1 2 1 2 2 2 1 1 1 1 2 2 1 1 1 1 2 1 1 1 1 1 1 2 1 2 1 2 1 1 1 1 1 1 2 1 1 1 1 2 1 2 1 1 1 1 1 1 1 1 1 1 1 1 2 1 1 1 1 1 1 1 1 2 1 1 2 2 1 1 1 1 1 1 1 1 1 1 1 1 1 2 1 1 1 2 2 1 1 1 1 1 1 1 2 1 1 2 1 1 1 1 1 1 1 2 1 2 2 1 1 1 1 1 1 1 1 1 1 1 1 1 1 1 1 1 1 1 1 1 1 1 1 1 1 2 1 1 1 1 1 1 1 1 1 2 1 1 1 2 1 1 1 2 1 1 1 1 1 1 1 1 1 1 1 2 1 2 1 1 1 1 2 1 1 1 1 1 2 1 1 1 1 2 1 1 1 1 1 1 2 1 1 2 1 1 1 1 1 1 1 1 1 1 1 1 2 1 1 1 1 1 1 1 1 1 1 1 1 1 1 1 1 1 1 1 1 1 1 1 1 1 1 2 2 1 1 2 1 2 1 1 1 1 1 1 1 1 1 2 1 1 1 1 1 1 1 1 1 2 1 1 1 1 1 1 1 1 1 1 1 1 1 1 1 1 1 1 1 1 1 2 2 1 1 1 1 1 1 1 1 1 1 2 2 1 2 1 2 1 1 1 2 2 2 1 1 2 1 2 1 1 1 2 1 2 1 1 1 1 1 1 2 1 1 1 1 1 1 1 1 1 1 1 1 1 2 1 2 1 1 1 1 2 2 1 1 1 2 1 1 1 2 1 1 1 1 1 1 1 1 1 2 2 1 1 1 1 1 1 1 2 1 1 1 1 1 1 1 2 1 1 1 1 1 1 1 1 2 1 1 1 1 2 2 1 1 1 1 1 1 1 1 1 1 1 1 2 2 1 2 1 1 2 2 1 1 1 1 1 1 1 1 2 1 1 1 1 1 1 1 1 1 1 1 2 1 1 1 1 1 1 1 2 1 1 1 1 1 1 1 1 1 1 1 1 1 1 1 1 1 1 1 2 2 2 1 2 1 1 1 1 1 1 1 2 1 1 1 1 1 1 1 1 1 1 1 1 1 1 1 1 1 2 1 1 1 1 2 1 1 1 1 1 1 2 1 2 1 1 1 1 1 1 1 1 1 1 1 2 1 1 1 1 1 1 1 1 1 1 1 1 2 1 1 1 2 1 1 1 1 2 2 1 1 1 1 1 2 1 1 1 1 1 2 2 1 2 1 1 2 1 1 2 1 1 1 2 2 1 1 2 1 1 1 2 1 1 1 1 1 1 1 1 1 1 1 1 1 1 2 1 1 1 1 1 1 1 1 1 1 1 1 1 1 1 1 2 2 1 2 1 1 2 1 1 1
1679
2 1 1 1 2 1 1 1 1 2 1 1 1 1 2 1 1 1 1 1 1 1 1 1 1 2 1 1 1 1 1 2 1 1 1 1 1 1 1 1 1 1 1 1 1 2 1 1 1 1 1 2 1 2 1 1 1 1 1 1 2 1 1 1 1 1 1 2 1 2 1 1 1 1 1 2 1 1 1 1 1 2 1 1 1 1 1 1 1 2 1 1 1 1 1 1 2 1 1 1 1 1 1 1 2 1 1 1 1 1 1 1 1 1 1 1 2 1 1 1 1 1 1 1 1 1 1 1 1 1 1 1 1 1 2 2 2 1 2 1 1 1 1 1 2 1 2 1 1 1 1 2 1 1 1 1 1 2 1 1 1 1 1 1 1 1 1 1 1 1 1 2 2 1 1 1 2 1 1 1 1 1 1 1 1 1 1 1 1 1 1 1 1 1 1 1 2 1 2 1 1 1 1 1 1 1 1 1 1 1 1 1 1 1 1 2 1 1 1 2 2 1 2 1 1 1 1 1 1 1 1 1 2 1 1 2 1 1 1 1 1 1 1 1 2 1 2 1 2 1 1 1 1 2 2 1 1 1 1 2 1 1 1 1 1 1 1 1 1 1 2 1 1 1 1 1 1 1 1 1 1 1 1 1 2 1 2 2 1 2 1 1 1 2 1 1 1 2 1 1 1 1 1 1 1 1 1 1 1 1 2 2 1 1 1 1 1 1 1 1 1 1 1 1 1 1 2 1 1 2 2 1 1 1 2 1 1 1 2 1 1 1 1 1 2 1 1 1 1 1 1 2 2 1 1 1 1 1 1 1 1 1 1 1 2 1 1 1 1 1 1 1 1 1 1 1 1 1 1 1 1 1 1 1 1 1 1 2 1 1 1 2 1 2 1 1 1 1 1 1 1 1 1 1 1 2 1 1 1 1 2 1 1 1 2 1 1 2 1 1 1 1 2 1 1 1 1 1 1 2 1 1 2 1 1 1 1 1 1 1 1 1 2 2 1 2 1 1 1 2 2 1 1 2 2 1 1 1 1 1 1 1 1 1 2 2 1 1 1 1 1 1 1 2 1 1 1 1 1 1 1 1 1 1 1 1 1 1 1 1 2 2 1 1 1 1 1 1 1 1 1 1 1 1 1 2 1 1 1 1 2 2 1 1 2 1 1 1 1 1 2 1 1 1 2 1 1 2 1 2 1 1 1 1 1 1 1 1 1 1 1 1 1 1 1 1 1 1 1 1 2 1 1 2 1 1 1 1 1 1 1 2 1 1 1 1 1 1 1 2 2 1 1 1 1 1 1 1 2 1 1 1 1 1 2 1 1 2 1 1 1 2 1 1 1 2 1 1 1 2 2 1 1 2 1 1 1 1 1 1 1 1 1 2 1 2 1 1 1 1 1 1 1 1 1 1 1 1 1 1 1 1 1 1 1 1 1 2 1 1 2 1 1 1 1 1 1 1 1 1 1 1 2 2 1 1 1 1 2 1 1 1 1 1 1 1 1 2 2 2 1 1 1 1 1 1 1 1 1 2 1 1 1 1 1 1 1 1 1 2 1 1 2 2 1 1 1 1 1 2 1 1 1 1 1 1 1 2 1 1 2 1 2 1 1 1 1 2 1 1 1 2 1 1 1 1 1 2 1 2 1 1 1 1 2 1 2 1 1 2 1 1 1 1 1 2 2 1 1 2 1 1 1 1 1 1 1 1 1 2 1 1 1 2 2 1 1 2 1 1 1 1 1 1 1 1 1 1 1 1 1 1 1 1 1 1 1 1 1 1 1 1 1 1 1 1 2 1 1 2 1 1 2 1 1 1 2 1 1 1 1 1 2 2 1 1 1 1 1 1 1 1 1 1 1 1 1 2 1 1 1 1 1 1 1 1 1 1 1 1 1 2 2 1 1 1 1 2 2 1 1 1 1 1 1 2 1 1 1 1 2 1 1 2 1 1 1 1 1 2 1 1 1 2 1 1 2 1 1 1 1 2 1 1 1 1 1 1 1 1 1 1 1 1 2 1 1 1 1 1 1 1 2 1 1 2 1 1 1 1 1 1 2 1 1 1 2 1 1 1 1 1 1 1 1 1 1 1 1 1 1 2 1 1 2 1 2 1 1 1 1 1 1 1 1 1 1 1 2 2 1 1 2 2 1 1 1 1 1 2 1 2 1 1 1 1 1 1 1 1 2 1 1 1 1 1 2 1 2 1 1 1 1 1 1 1 1 1 2 1 1 1 1 1 2 1 1 2 1 1 2 1 1 1 1 1 2 1 2 1 1 1 1 1 1 1 1 1 1 1 1 2 2 2 1 1 1 1 1 1 1 1 1 1 1 1 1 1 1 1 1 1 1 2 1 1 2 1 1 1 2 1 2 1 1 1 1 1 2 1 2 1 1 1 1 1 1 1 1 2 1 2 1 1 1 2 1 2 1 1 1 1 2 1 1 1 2 1 1 1 1 1 1 1 1 1 2 1 1 1 1 1 2 1 1 1 1 2 1 2 1 1 1 2 1 1 1 1 2 1 1 1 2 1 1 1 1 1 1 1 1 1 1 1 1 1 1 1 1 1 1 1 1 1 1 1 1 1 1 1 1 1 1 1 1 1 2 1 2 1 1 1 1 1 1 1 1 1 2 1 1 2 1 1 1 1 1 1 1 1 1 1 1 1 1 1 1 2 1 1 1 1 1 1 1 1 1 1 2 1 1 1 2 2 1 1 1 2 1 1 1 1 1 2 1 1 1 1 1 2 1 1 1 1 1 2 1 1 1 1 1 1 2 1 1 2 1 1 1 2 1 1 1 1 1 1 1 1 1 1 2 1 1 2 1 1 1 1 1 1 1 1 1 1 2 1 2 1 1 1 1 1 1 1 1 1 1 1 1 2 1 1 1 1 1 1 2 1 1 1 1 1 2 1 1 1 2 1 1 1 1 1 2 1 1 1 1 1 1 1 1 1 1 1 1 1 2 2 1 1 2 1 1 1 2 1 1 1 1 2 1 1 1 1 1 1 1 1 1 1 1 1 1 1 2 1 2 1 1 1 1 1 1 2 1 1 1 1 1 1 1 1 1 1 1 1 1 1 1 1 2 1 2 1 1 1 1 1 1 2 1 1 1 1 1 2 1 1 1 2 1 1 1 1 1 1 1 1 2 1 1 2 2 1 1 1 1 1 2 2 1 1 2 2 1 1 1 2 1 2 1 1 1 1 1 1 1 1 1 1 1 1 1 1 1 1 1 1 2 1 1 1 1 1 2 1 1 1 1 1 1 1 1 1 1 2 2 1 1 1 1 1 1 1 1 1 1 1 1 1 1 1 1 2 1 1 2 1 1 1 1 2 2 1 1 1 1 1 1 1 1 2 1 1 2 1 1 1 1 1 1 2 1 2 1 1 2 1 1 1 1 1 1 1 2 1 1 2 1 1 1 1 1 2 1 1 2 1 1 1 1 1 1 1 1 1 1 1 1 1 1 2 1 2 1 1 1 2 2 1 1 1 1 1 1 1 1 1 1 1 1 1 1 1 1 2 1 1 1 1 1 2 1 1 1 1 1 1 1 2 1 1 1 1 1 1 1 1 1 1 2 1 1 1 1 1 2 1 2 1 1 1 2 1 1 1 1 2 1 1 1 1 1 1 2 1 1 1 1 1 2 2 1 1 1 2 1 1 1 2 1 1 1 1 1 1 1 1 1 1 1 1 1 1 2 1 1 1 2 1 1 1 2 1 2 1 1 1 1 2 1 1 1 1 1 1 1 1 2 1 1 2 1 1 1 2 2 2 1
1071
2 2 1 2 2 2 1 1 2 1 1 2 2 2 2 2 2 1 2 1 1 2 2 1 1 2 1 1 2 2 1 2 1 2 2 2 2 2 2 1 1 1 2 1 1 1 1 2 2 1 1 1 2 1 1 2 2 2 1 1 2 1 2 2 2 1 2 2 2 2 2 1 2 2 1 2 1 2 1 1 2 1 1 1 1 1 2 2 1 1 1 1 2 1 2 1 1 2 2 1 1 2 1 2 2 2 1 2 2 2 1 2 2 2 1 1 1 2 2 2 2 1 1 2 1 1 1 2 2 2 2 2 1 1 1 2 2 2 2 2 1 1 1 1 1 2 1 1 1 1 1 2 2 2 1 2 1 1 1 2 2 2 1 1 2 1 2 1 1 2 2 2 2 2 1 2 2 1 2 2 1 1 2 1 2 2 1 1 1 2 1 1 1 2 1 1 1 2 2 1 2 1 2 1 1 1 1 2 1 2 2 2 2 2 1 1 2 2 2 2 1 1 1 1 1 1 1 1 2 2 1 1 1 1 2 1 1 2 2 2 2 2 2 2 1 2 2 1 1 1 2 1 1 1 2 1 2 2 2 1 2 1 2 2 2 2 2 1 2 1 2 1 1 2 2 1 2 1 1 2 1 2 1 1 1 2 2 1 2 2 1 1 2 2 1 1 2 1 1 2 1 1 1 1 2 1 2 2 2 2 1 1 2 2 2 1 1 1 1 1 1 2 2 1 1 1 1 1 2 1 1 2 2 1 1 1 2 1 1 1 1 1 1 1 1 2 1 2 1 1 1 2 2 1 1 1 1 2 1 1 1 1 1 2 1 2 2 2 1 1 1 1 1 1 1 1 1 2 2 2 1 2 1 1 2 2 2 2 1 1 2 1 2 1 1 2 1 2 2 2 2 1 2 2 1 1 2 2 2 1 1 2 1 1 1 2 1 2 1 1 2 2 2 2 1 1 2 2 2 1 2 1 2 2 1 2 1 2 2 1 2 1 2 1 2 1 2 1 2 1 2 2 1 2 1 2 2 2 1 2 1 2 1 1 1 2 1 1 2 1 1 1 2 2 1 1 1 1 1 2 2 1 1 1 2 1 1 2 1 1 2 1 1 1 1 2 2 2 1 1 1 2 1 1 2 2 2 1 1 2 2 1 2 2 2 1 2 2 1 2 2 1 1 2 1 1 2 1 2 1 2 2 1 2 2 1 2 2 1 1 1 1 2 1 1 1 1 2 1 1 2 1 1 2 1 2 2 1 1 1 1 2 1 1 1 2 1 2 2 2 2 1 1 1 1 2 1 1 1 1 2 1 2 1 1 2 2 1 1 1 1 2 1 1 2 1 1 1 2 1 2 1 1 2 2 1 1 2 2 1 2 1 1 2 2 1 2 2 2 1 1 1 2 1 1 1 2 2 2 2 2 1 2 1 2 2 2 1 1 1 1 2 1 2 2 2 2 1 2 2 2 2 2 1 2 1 1 2 1 1 2 1 1 2 2 1 1 1 1 1 1 1 2 2 2 1 2 1 1 2 2 2 2 2 1 2 2 1 1 1 1 1 1 2 2 1 1 2 2 2 2 2 2 2 1 1 2 2 1 2 1 1 2 1 1 1 2 1 1 2 1 1 1 2 2 1 2 2 1 2 1 2 2 2 1 1 1 1 1 2 1 1 1 2 2 1 2 1 1 1 1 1 2 2 2 1 1 2 1 1 1 2 1 1 2 2 2 2 1 2 2 2 1 2 1 2 2 1 1 1 1 1 2 1 2 2 2 2 1 2 1 2 1 2 1 2 1 2 2 1 1 2 2 1 1 1 2 1 1 2 2 1 1 1 2 1 2 1 2 2 2 1 2 1 2 2 1 2 2 1 1 2 2 2 1 1 2 1 1 1 1 1 1 2 1 2 2 2 2 2 2 1 1 2 1 2 1 1 1 2 1 2 1 2 2 1 2 1 1 2 1 2 1 1 2 2 1 2 1 1 1 1 2 2 2 2 2 2 1 2 1 2 1 1 2 2 1 2 1 1 1 1 1 1 1 2 2 1 1 2 2 2 2 2 2 2 1 1 2 2 1 2 2 1 1 1 1 1 1 1 2 1 2 2 2 2 1 2 2 2 2 2 1 2 1 2 1 1 1 2 2 2 2 2 2 1 1 1 2 2 1 1 1 1 2 1 1 2 2 1 1 2 2 2 2 2 1 2 1 2 2 2 1 1 2 1 1 1 2 2 1 2 2 1 1 2 1 2 2 1 2 1 1 2 2 1 2 2 1 1 2 2 2 2 2 2 1 2 1 2 2 1 2 1 1 2 2 2 1 1 1 2 2 2 2 2 1 2 1 1 2 1 1 1 1 1 1 2 1 1 2 1 2 1 1 2 2 1 2 2 1 1 1 1 1 1 1 2 1 2 1
674
3 3 1 1 1 2 1 3 3 3 1 3 1 3 3 2 2 3 2 2 2 3 2 3 2 1 3 2 3 3 3 3 3 1 3 2 1 2 1 1 2 2 3 1 2 1 1 2 1 1 1 3 3 2 2 1 2 1 2 2 2 1 3 1 2 1 3 1 1 1 2 1 2 2 1 2 1 3 1 1 1 3 2 1 2 3 1 2 1 1 1 1 3 1 3 2 2 2 3 3 2 3 3 3 2 3 1 3 3 1 1 3 1 1 1 3 3 1 3 1 1 1 2 3 1 2 2 3 2 3 2 2 2 2 3 1 1 2 1 1 2 2 2 3 3 3 2 1 2 3 2 3 2 2 1 2 2 3 1 3 2 1 3 1 1 3 3 1 1 2 1 3 1 3 1 1 1 1 1 1 3 2 2 1 2 2 2 2 3 2 2 2 3 3 2 3 2 2 2 2 2 2 3 2 2 2 3 2 2 1 3 2 3 3 3 1 2 2 3 2 1 3 1 1 3 3 3 1 1 2 2 2 3 1 2 3 1 2 2 1 2 3 1 2 1 2 2 2 3 2 1 2 1 2 3 1 1 1 2 3 3 2 1 1 3 1 3 2 1 2 1 2 1 2 3 1 2 1 2 3 3 3 3 2 2 3 1 2 2 1 1 2 1 3 1 3 1 1 1 3 1 2 2 2 3 2 2 1 1 1 1 2 3 3 1 3 2 2 1 1 1 1 2 3 2 3 1 3 2 1 2 3 1 2 3 1 3 1 2 1 2 2 2 1 1 3 1 1 1 3 1 2 1 1 3 3 1 1 1 1 2 3 2 1 1 3 2 3 1 1 3 1 2 2 2 1 3 2 2 1 1 1 3 1 1 1 3 3 1 3 2 3 3 1 3 1 2 1 2 3 1 2 1 2 3 2 1 2 2 2 2 2 2 2 1 1 3 3 2 1 3 3 3 3 1 1 3 3 1 1 3 3 1 2 2 1 2 3 3 2 1 1 3 1 2 1 1 2 3 3 2 1 3 3 3 1 1 1 1 1 1 2 1 2 3 3 3 3 2 1 3 2 1 1 3 1 1 1 3 3 2 2 3 1 2 3 3 3 2 3 3 3 3 2 2 1 3 1 2 2 3 1 3 1 1 3 3 1 2 2 1 2 2 1 3 2 2 3 1 2 3 3 1 2 3 3 2 1 1 1 1 2 1 2 3 1 2 2 1 1 2 3 1 1 3 3 3 3 3 1 3 3 1 1 3 3 2 3 1 2 3 1 2 2 2 3 3 2 1 2 1 2 2 2 1 1 3 1 3 3 1 2 1 2 2 2 3 2 2 3 2 1 1 1 1 1 3 1 1 3 1 1 1 3 2 2 1 1 3 2 2 2 2 2 3 3 1 1 1 2 2 1 1 3 2 3 2 1 3 3 3 3 1 3 1 2 1 1 2 2 2 3 2 1 1 3 1 3 1 3 2 1 1 2 3 3 1 3 1 2 1 3 1 3 1 2 3 3 2 1 1 1 2 3
