41
59
11 24 14 20 4 8 15 9 29 16 4 14 4 10 24 22 32 14 5 25 24 21 26 31 6 17 25 25 27 12 25 17 23 23 29 18 26 5 5 31 6 14 19 27 15 5 8 31 21 29 32 16 25 14 12 22 22 10 13
48
29 16 3 33 38 2 29 31 31 22 40 32 34 10 38 40 36 1 21 11 30 11 38 20 9 39 1 24 32 30 4 5 10 34 12 33 9 11 33 34 34 4 22 10 5 13 4 10
62
11 22 25 25 20 14 14 29 9 16 33 23 18 11 5 1 22 11 9 17 25 29 28 27 26 27 14 31 18 9 3 3 31 18 28 14 12 7 11 24 1 14 22 14 17 22 27 6 15 32 1 14 25 21 22 24 24 18 32 21 31 29
7
40 256 210 135 239 77 283
27
25 3 42 57 60 37 12 1 70 52 26 8 12 32 29 23 36 2 39 66 49 4 63 15 60 7 28
10
141 79 130 37 155 71 42 91 96 65
48
28 41 41 5 36 37 32 19 24 27 11 20 22 12 30 18 18 19 30 13 26 41 37 31 9 42 20 15 22 41 28 27 42 17 39 30 22 20 35 17 41 7 35 21 14 14 36 36
73
5 11 28 3 9 3 22 9 20 10 22 4 22 26 13 22 13 16 25 17 1 16 23 6 9 9 3 7 21 24 2 11 17 21 2 20 22 26 1 10 1 22 20 18 7 18 6 2 4 20 27 23 4 9 18 10 12 23 13 11 11 19 4 8 15 14 6 1 9 17 21 4 25
61
25 5 23 30 15 29 21 28 7 5 22 26 4 3 27 24 25 28 6 21 28 10 3 17 30 22 13 3 11 13 10 26 33 29 24 16 17 5 2 29 26 17 31 16 17 25 33 17 11 11 30 18 19 30 31 19 3 27 15 10 31
19
84 32 91 68 64 70 61 77 3 11 45 10 39 98 4 59 67 61 101
23
35 13 77 56 39 32 43 29 38 42 10 67 45 47 38 3 58 64 5 81 3 80 23
3
113 94 535
48
26 38 7 31 1 14 7 11 37 41 39 2 40 18 12 12 27 13 24 10 24 3 22 36 38 34 37 28 33 8 18 12 42 8 8 36 33 7 19 3 2 10 12 25 13 12 11 4
32
62 27 36 23 56 6 11 56 40 46 11 39 22 61 42 35 40 5 5 33 3 60 49 29 12 12 1 10 23 26 20 62
34
57 35 22 34 32 52 45 50 39 21 30 42 39 25 42 42 39 19 53 18 2 50 45 54 5 6 4 7 57 11 54 37 21 44
34
16 58 53 51 15 14 24 16 22 10 29 9 58 26 48 48 41 50 32 2 15 36 9 47 46 48 19 33 16 23 44 15 42 6
96
21 18 2 2 20 4 11 7 1 21 4 3 21 3 14 8 2 9 14 8 14 21 8 18 20 13 5 16 18 1 15 17 17 21 20 1 2 16 19 21 21 8 14 19 2 6 17 11 7 13 1 9 19 10 10 9 8 8 5 21 15 16 6 4 6 13 2 18 15 1 19 16 3 14 20 13 8 12 15 14 21 7 21 6 14 15 11 8 11 4 8 21 20 6 19 21
15
130 9 27 70 105 123 22 88 72 89 91 98 56 113 67
39
12 20 44 27 21 42 32 31 40 29 48 15 20 22 19 35 51 35 26 3 18 13 8 11 24 15 36 33 35 46 34 28 20 17 24 26 36 9 6
61
5 12 18 21 24 25 32 13 2 15 19 27 4 28 33 11 4 11 27 31 8 12 25 10 8 30 20 25 3 32 7 14 7 21 13 21 16 16 22 5 20 13 6 3 11 24 1 5 30 5 33 14 28 5 30 7 31 30 11 6 31
69
29 24 23 22 9 5 16 21 3 20 8 2 6 14 15 22 8 21 1 17 23 13 20 25 13 3 29 14 4 15 28 29 7 22 25 29 11 7 28 16 28 17 1 27 2 13 5 18 2 26 20 17 29 12 10 14 28 29 27 3 18 19 15 10 26 10 9 13 25
14
142 63 11 104 108 13 90 103 91 4 1 37 40 124
13
63 115 91 53 83 105 78 84 53 43 39 144 112
32
9 2 14 30 56 55 37 42 6 59 8 16 13 7 45 11 44 53 46 22 8 45 57 18 28 43 61 4 16 5 11 62
44
20 12 41 9 35 23 23 8 40 14 33 24 17 11 5 31 26 17 3 7 43 36 24 2 20 41 2 31 4 34 8 10 21 33 42 46 27 1 33 21 37 38 22 5
6
47 318 1 44 265 149
33
53 25 32 30 23 43 33 15 59 50 11 48 1 56 36 57 42 41 22 61 18 28 16 18 35 19 34 7 10 13 12 33 23
49
27 16 1 27 9 8 17 2 30 6 32 39 41 9 21 6 6 17 23 28 23 30 5 30 3 36 1 25 16 41 27 32 27 29 23 4 10 37 9 27 6 33 20 34 33 35 19 40 22
21
35 33 9 51 22 6 84 88 33 18 59 80 80 61 76 91 30 82 39 4 61
90
20 22 16 11 21 9 6 7 21 12 8 2 9 9 6 17 22 15 8 1 4 17 16 17 23 21 20 13 3 17 5 6 18 11 8 21 14 3 18 7 6 13 8 15 9 15 15 8 17 13 7 11 6 21 10 19 2 19 1 4 5 11 10 4 2 15 1 1 18 14 17 5 3 11 23 19 15 9 6 21 17 1 10 1 5 3 20 2 5 12
78
14 26 9 11 10 1 8 6 7 6 13 15 23 10 1 2 3 1 1 26 11 9 26 4 12 13 15 17 18 16 23 9 5 17 25 21 20 9 2 24 17 7 22 13 25 9 20 15 20 2 14 2 5 13 16 12 11 13 20 10 3 20 13 11 12 25 10 17 15 10 18 21 23 23 15 19 16 15
82
19 12 17 18 8 24 6 15 22 18 4 7 13 23 17 19 21 1 14 3 17 12 4 23 3 15 10 3 16 10 4 11 2 18 3 9 18 21 7 18 8 3 6 1 6 8 4 4 25 16 4 8 11 16 10 19 3 23 8 22 1 10 10 1 8 25 15 12 2 11 10 10 12 19 4 24 2 8 16 5 18 23
23
63 55 56 62 55 18 65 15 17 80 38 16 71 32 83 69 71 70 8 76 43 76 2
8
113 214 172 107 195 70 111 4
18
111 29 92 10 2 95 57 88 79 4 98 100 92 87 82 59 73 33
87
18 6 8 15 12 21 13 20 11 17 8 1 5 13 2 10 17 8 11 15 20 23 1 3 1 12 16 16 15 6 6 9 8 10 16 19 5 19 6 7 4 13 11 10 2 14 2 14 9 10 8 19 17 2 19 19 9 19 17 15 7 8 20 20 20 8 13 12 23 12 10 20 12 13 17 20 15 10 22 18 6 6 16 5 8 4 2
84
11 20 8 3 4 1 14 3 16 9 5 7 4 8 21 2 6 6 1 15 13 21 17 24 19 3 23 10 23 12 2 16 9 19 1 12 9 7 3 21 6 10 5 4 11 13 9 21 8 20 7 23 1 6 24 4 24 7 22 16 20 10 19 13 21 15 3 3 10 3 18 4 24 17 5 7 11 7 16 1 2 9 7 12
66
26 12 30 3 12 8 16 19 4 11 19 16 11 13 8 16 17 4 29 30 21 13 2 11 12 6 16 2 2 12 1 28 15 21 10 21 21 8 10 19 16 9 29 28 21 18 12 22 11 1 13 2 7 18 16 8 27 12 22 19 8 22 16 12 5 15
86
18 22 22 3 10 19 12 19 12 22 20 13 21 4 16 2 14 8 11 7 11 6 21 18 23 3 20 16 23 17 4 10 18 12 18 14 8 22 21 14 14 13 2 6 14 18 18 7 19 12 7 19 22 10 1 8 6 22 18 15 18 16 6 5 13 21 10 11 18 12 7 17 12 14 18 21 11 6 4 22 4 15 19 10 6 3
30
17 25 30 3 62 19 50 42 27 26 16 17 62 6 6 63 16 49 10 32 58 16 51 10 5 29 46 50 25 55
62
18 23 22 32 27 4 21 15 25 23 18 23 12 24 30 24 30 9 6 3 17 17 31 25 25 22 33 33 23 15 14 28 6 6 17 14 22 11 2 2 19 19 20 23 4 22 6 23 23 7 14 25 29 7 12 2 17 24 32 7 10 24
