181
133
8 7 10 10 3 15 13 15 10 11 10 4 2 2 3 3 2 12 8 3 14 9 7 4 11 15 10 7 11 8 1 11 14 10 1 12 12 4 12 4 13 13 15 10 9 10 15 12 13 2 7 2 7 7 2 2 11 14 3 7 15 7 1 8 5 13 10 12 4 3 13 5 11 4 2 12 11 12 9 4 12 14 9 4 15 14 13 8 5 5 6 4 2 4 4 6 9 14 12 6 8 11 1 1 6 14 15 8 9 13 5 3 14 4 12 10 9 14 11 2 4 9 10 3 13 9 12 6 8 2 15 7 15
21
65 10 93 71 21 73 26 66 19 94 9 57 27 42 91 22 85 15 71 81 3
126
6 15 8 9 10 16 14 13 3 13 5 13 6 11 12 13 3 14 14 10 9 2 8 2 5 2 10 3 14 2 11 9 2 11 15 13 4 7 8 7 16 13 9 15 15 1 3 11 16 3 11 11 16 12 1 14 3 13 13 12 1 1 5 1 2 5 7 13 12 3 14 3 8 13 10 13 3 16 4 4 14 4 8 10 7 4 7 15 6 11 8 8 10 15 3 6 9 12 8 11 14 1 2 1 15 13 4 10 11 6 7 13 9 5 2 2 13 10 2 16 1 6 12 11 12 10
149
4 14 5 1 13 4 5 2 11 4 1 9 6 2 6 1 9 5 12 3 7 9 1 7 8 9 9 1 13 2 5 4 4 11 14 10 5 11 1 10 8 10 2 12 12 13 11 8 13 4 11 5 1 5 9 3 14 10 1 3 10 12 12 6 10 8 3 2 4 5 11 10 11 4 6 2 5 12 8 9 1 6 1 2 1 9 1 5 5 12 7 8 3 3 4 12 3 1 1 10 10 11 11 3 13 7 7 7 3 7 7 2 2 10 9 10 8 12 8 7 2 1 10 10 2 10 3 4 2 3 1 1 1 7 8 3 8 3 13 7 12 12 6 7 10 13 3 8 4
48
27 5 20 15 7 27 35 14 1 28 22 34 25 21 22 10 31 24 26 41 36 36 35 36 34 6 24 15 6 31 19 17 39 38 17 15 15 4 27 37 6 27 33 36 24 14 21 24
160
9 11 6 9 11 9 8 1 6 10 11 6 5 10 12 1 4 5 8 11 8 4 12 2 3 8 6 1 9 8 5 6 1 1 5 12 11 3 5 12 6 10 7 2 9 9 2 9 6 5 9 8 6 4 12 11 7 11 7 6 4 2 9 8 6 4 8 8 2 5 4 12 9 3 10 9 8 8 5 2 3 4 11 6 3 2 13 9 8 12 12 8 1 9 10 13 3 9 5 6 3 1 13 6 3 13 11 9 2 4 9 2 11 3 11 3 6 2 12 2 11 10 8 2 12 11 10 3 6 1 7 10 8 11 11 6 1 4 1 4 5 4 4 6 6 6 11 9 7 9 2 11 7 8 12 7 10 7 13 11
87
9 15 3 15 5 5 5 16 20 11 4 20 4 21 18 12 19 1 3 6 2 5 14 14 2 21 9 9 22 23 2 23 4 16 17 4 11 22 20 13 12 5 5 5 1 7 16 15 21 3 8 3 6 6 1 3 1 12 18 10 9 5 4 5 1 22 4 5 14 18 15 23 5 10 4 20 4 23 19 2 6 14 11 22 14 5 15
42
37 39 9 48 9 5 19 2 24 28 18 1 12 9 3 12 36 25 14 11 12 13 15 30 13 2 14 36 16 3 9 39 10 6 30 39 42 23 9 45 4 19
109
17 4 18 9 10 1 6 6 4 2 5 13 10 8 3 19 9 4 18 13 17 11 2 18 18 6 18 2 4 4 10 7 15 13 15 11 1 10 12 9 12 8 18 18 8 19 3 10 16 2 16 1 1 15 18 5 1 16 4 11 4 15 13 19 1 2 2 7 7 18 16 7 9 10 5 13 2 14 7 13 17 9 14 2 8 15 8 7 5 12 13 10 6 3 16 11 15 3 3 9 16 2 18 4 6 8 2 7 9
183
7 3 10 9 5 7 7 8 8 2 1 9 11 11 6 10 8 10 1 3 6 3 2 7 8 10 6 5 2 6 2 1 2 4 11 5 11 7 7 6 3 2 5 11 6 10 5 8 10 3 4 4 4 1 7 8 3 11 1 5 5 8 3 9 1 8 7 4 4 11 1 11 4 6 2 3 2 7 9 8 3 1 2 11 8 6 7 5 2 6 7 9 7 4 11 4 6 7 9 1 9 7 3 10 1 2 8 11 3 1 5 7 3 9 9 6 6 9 7 6 1 2 3 6 4 6 2 10 10 6 2 9 3 1 5 3 9 6 10 9 9 3 8 3 4 2 6 4 7 1 3 1 10 10 10 5 10 9 4 1 2 8 3 11 10 11 5 10 5 9 8 10 4 3 1 1 7 4 9 11 1 3 8
14
2 74 63 75 82 119 28 30 67 39 53 137 31 30
164
6 8 3 13 6 10 5 9 12 7 3 6 6 1 9 12 12 2 8 11 11 12 7 2 4 8 11 2 2 2 2 9 10 9 6 2 1 4 3 11 1 9 11 12 7 13 10 12 10 3 7 9 8 8 5 2 2 1 3 9 6 9 5 10 3 8 2 12 5 9 1 9 4 12 11 6 2 6 2 6 12 8 3 7 12 1 9 3 10 3 2 3 9 8 11 7 1 9 11 12 11 6 12 2 12 5 12 11 10 11 3 11 6 3 12 3 8 3 10 9 8 10 7 10 8 8 3 6 11 4 6 9 11 1 11 12 8 2 4 7 10 6 6 10 10 8 2 8 3 5 13 11 11 6 9 12 11 1 3 5 12 6 2 12
179
3 10 2 11 4 3 1 10 5 6 10 4 7 8 1 7 10 12 11 2 11 5 3 10 2 4 8 9 5 9 2 5 10 8 10 9 8 2 8 4 10 8 6 9 8 1 10 2 9 7 7 2 8 10 6 1 2 4 8 4 1 7 10 1 1 10 11 5 3 3 6 10 8 9 11 2 8 1 2 11 12 9 4 2 7 10 3 8 11 10 4 11 7 1 11 4 5 5 3 3 7 11 1 10 3 6 8 11 8 6 8 11 1 6 11 4 2 4 6 7 1 4 10 3 2 11 4 10 9 11 1 5 9 9 2 4 9 5 3 7 6 11 5 8 7 6 8 10 3 7 3 9 1 8 3 1 7 9 6 8 10 8 4 3 7 4 1 3 2 9 8 8 7 4 7 2 6 10 4
35
48 19 1 52 30 56 41 10 2 4 17 5 33 51 54 20 22 6 21 26 21 14 26 35 43 41 53 47 48 54 28 46 46 11 6
38
24 52 39 35 45 17 1 17 33 50 47 5 48 17 39 26 32 33 15 4 25 48 33 39 6 33 48 20 2 40 14 20 36 47 9 15 2 35
50
18 31 2 16 4 5 40 32 15 24 15 18 38 9 19 28 5 35 14 20 11 31 5 40 8 9 31 17 16 21 15 10 5 9 32 15 10 6 9 24 39 40 33 1 22 35 32 4 1 34
32
49 42 27 37 21 50 61 49 45 12 43 1 46 50 12 52 61 4 56 58 12 57 32 51 18 13 22 42 57 28 10 43
57
14 22 16 8 18 10 5 26 27 34 23 11 24 23 3 23 28 1 9 15 30 4 25 19 32 1 15 27 10 2 8 29 21 29 15 4 21 31 24 21 10 20 11 13 26 27 22 8 35 11 35 4 33 1 26 3 6
23
67 25 42 75 10 61 28 41 26 56 67 26 18 83 14 38 52 26 32 85 31 77 61
54
23 11 9 19 15 25 18 12 37 20 36 17 14 5 26 7 2 15 17 36 2 34 22 11 25 30 30 28 13 19 7 25 35 13 9 3 36 37 19 37 19 17 29 12 32 21 36 34 37 9 36 35 1 33
191
9 2 9 4 6 8 10 6 5 5 4 4 2 1 4 4 2 8 10 5 1 10 4 1 7 4 4 6 3 2 8 9 7 5 2 4 2 4 3 9 9 8 10 9 8 7 10 4 4 9 2 3 4 3 8 8 4 2 2 2 6 5 1 7 8 9 10 8 1 8 7 6 8 8 4 3 2 8 8 6 9 6 9 4 8 1 10 2 1 3 6 10 8 2 4 8 5 5 10 10 4 1 8 10 4 10 4 9 4 10 2 10 4 4 7 9 10 3 7 10 4 7 1 3 8 8 1 9 1 3 2 4 3 10 1 3 10 6 5 11 9 3 4 8 9 8 8 2 11 11 3 8 5 6 9 5 2 7 5 2 1 5 11 10 7 9 5 10 5 10 6 10 3 3 10 3 11 1 3 1 5 6 1 6 2 6 2 1 6 9 10
116
7 5 6 8 4 17 15 12 2 10 12 18 17 2 11 14 13 15 6 9 3 13 1 13 11 15 2 7 2 5 1 3 12 9 6 3 9 10 6 17 2 5 13 4 7 8 12 1 4 16 2 13 17 11 2 6 5 14 7 4 13 10 17 9 6 6 17 13 7 16 12 11 3 12 12 6 9 6 3 17 4 6 5 17 2 17 12 1 8 16 4 12 10 7 5 2 11 14 2 13 10 9 1 1 9 9 15 12 12 6 14 10 2 6 3 1
160
2 13 9 7 11 12 8 7 12 7 4 9 11 7 2 8 1 5 2 5 4 12 1 4 2 4 10 13 10 11 2 6 9 8 2 4 7 8 5 9 3 4 5 2 13 6 11 8 7 5 12 8 4 3 11 8 6 6 9 2 12 12 3 2 2 11 11 5 1 2 12 5 5 2 10 13 10 6 6 13 12 8 8 5 4 6 2 4 7 11 12 4 3 2 8 3 4 8 5 13 11 1 6 5 6 3 7 11 5 6 4 3 4 9 6 6 3 1 6 10 7 2 5 9 5 8 2 9 3 7 3 5 8 1 3 6 7 12 1 12 7 5 8 8 3 5 12 2 2 10 9 6 13 2 6 3 5 12 3 7
97
9 18 19 6 1 5 5 9 15 19 1 5 21 4 18 5 14 5 8 15 1 9 19 11 13 18 2 3 5 20 5 9 13 7 13 6 18 17 7 1 12 6 18 7 1 2 14 14 9 21 5 9 2 18 15 19 11 1 2 10 14 17 8 7 18 6 13 5 8 6 10 16 3 6 16 13 19 17 8 8 1 12 20 8 4 21 12 2 1 8 14 4 1 15 11 3 10
31
31 16 43 28 53 15 7 30 49 40 21 22 57 56 13 14 33 53 16 31 18 20 21 29 12 53 30 30 11 62 58
76
10 10 13 15 12 14 11 22 19 19 21 3 8 6 2 26 5 12 19 8 17 8 7 20 25 6 4 10 6 17 4 25 6 17 18 6 2 19 13 21 1 16 8 26 5 5 11 18 3 11 19 14 22 4 22 13 4 22 23 2 1 7 25 12 7 15 10 12 26 25 9 26 23 27 18 12
50
9 17 38 8 15 6 33 17 5 10 27 13 16 12 27 21 36 31 4 31 32 33 1 26 32 2 29 5 37 2 9 7 40 32 17 40 14 22 3 38 34 16 3 2 40 24 25 6 21 36
190
10 9 3 2 11 1 8 4 5 3 2 6 3 3 6 3 10 9 3 8 2 7 7 7 11 6 7 9 2 1 4 6 10 3 2 7 10 8 5 1 3 6 8 1 6 7 8 10 4 9 5 2 3 1 10 2 8 3 6 6 1 10 7 8 7 5 9 6 7 8 8 4 10 1 3 5 3 9 9 7 8 6 9 7 9 10 2 3 4 7 9 10 6 5 5 6 5 9 9 10 3 7 8 3 3 7 10 3 2 6 2 3 2 3 6 7 4 6 4 3 9 3 1 10 8 8 7 9 9 7 4 9 7 1 4 7 11 4 11 10 6 9 3 3 4 7 2 1 7 4 5 1 5 7 10 9 4 9 10 2 5 7 2 4 3 1 10 10 4 9 1 6 9 9 8 9 3 2 6 1 8 2 8 6 5 5 3 4 1 8
143
13 4 10 1 2 14 5 14 3 1 6 2 1 11 6 2 13 14 8 9 3 9 7 2 6 13 3 6 5 14 1 8 11 3 12 14 11 5 1 2 12 12 2 2 13 6 4 3 12 14 13 10 13 11 1 3 8 10 1 5 4 7 14 10 2 9 10 1 5 12 7 4 10 9 9 1 14 12 10 13 8 3 3 3 10 4 9 4 1 5 7 1 12 5 11 1 5 3 10 10 12 6 14 2 3 7 5 4 5 3 6 8 10 11 10 12 8 9 2 11 6 12 14 8 9 14 10 13 9 12 7 9 12 3 7 8 4 5 10 6 6 6 14
164
6 8 12 6 7 12 2 11 10 6 3 2 6 4 2 3 5 2 5 4 12 11 3 8 2 5 3 1 7 5 10 7 5 2 5 3 5 2 6 6 10 11 9 12 1 6 4 8 2 4 4 6 1 9 11 12 2 10 4 12 3 6 7 6 4 6 4 3 11 10 10 8 9 11 8 11 2 1 6 3 4 3 3 10 6 12 11 12 4 12 5 5 7 3 7 1 3 9 11 6 6 1 4 13 3 4 12 10 3 8 8 10 5 12 7 9 10 11 7 9 8 5 8 7 9 2 8 5 5 12 10 10 11 3 11 11 6 4 3 11 3 2 7 12 3 13 11 9 12 12 12 8 12 3 2 3 9 3 10 7 7 8 6 10
183
5 8 9 2 10 3 10 7 5 11 2 4 6 11 1 8 4 5 6 2 7 10 3 6 10 9 3 9 3 9 8 9 3 9 2 8 1 2 10 8 5 9 3 11 2 10 8 10 11 3 4 2 6 3 9 4 5 9 8 5 9 6 3 6 5 6 3 3 1 5 4 10 4 2 9 5 8 4 5 4 10 10 1 10 6 7 1 11 8 4 11 7 8 4 6 5 11 9 7 8 11 9 4 7 7 4 11 4 6 9 5 4 3 7 9 6 6 6 10 2 4 3 10 11 5 5 7 3 9 3 2 3 5 4 9 8 11 7 2 1 3 7 4 1 1 6 9 8 1 10 2 10 10 7 11 9 9 3 10 1 11 8 3 4 11 9 3 8 2 4 4 11 11 1 7 9 11 4 2 10 8 7 1
165
9 10 13 10 12 5 6 9 3 6 6 5 9 8 2 9 9 4 6 11 12 1 10 9 13 11 1 3 1 11 8 11 10 7 8 11 6 1 12 3 7 12 10 5 12 6 10 1 1 4 4 3 5 2 11 4 2 7 2 4 6 5 3 9 3 2 12 9 1 11 7 3 12 6 6 1 9 12 4 3 6 9 2 4 8 8 2 7 1 5 6 6 8 11 6 3 10 6 10 4 6 7 6 10 9 6 9 5 12 9 7 9 7 7 6 9 6 8 1 7 8 8 13 1 9 9 1 9 2 13 1 7 3 4 12 6 13 8 4 2 11 8 9 11 2 4 1 7 7 4 7 8 2 6 7 6 4 2 12 12 1 11 8 12 12
146
6 7 3 7 3 14 6 11 5 10 9 6 9 9 5 2 10 6 11 9 6 9 5 3 4 9 3 3 10 1 8 2 5 2 12 9 11 6 10 7 6 10 12 10 8 2 9 8 3 8 2 14 12 14 10 11 8 1 7 6 6 4 5 2 10 8 3 1 1 12 4 11 9 6 1 14 2 1 13 12 3 13 6 5 10 8 4 8 14 13 8 14 2 8 3 2 7 4 5 4 3 14 12 1 2 6 2 12 10 3 13 10 3 6 5 12 4 8 8 1 8 7 1 7 1 12 14 2 6 7 13 6 5 2 14 11 12 3 3 2 6 11 12 8 5 13
159
10 6 11 8 10 8 9 11 8 5 3 11 9 5 11 4 12 13 11 5 5 7 3 1 3 10 1 1 8 6 2 8 9 4 6 9 2 1 1 3 5 2 4 12 12 7 2 10 2 5 11 4 3 2 6 8 4 12 6 5 13 1 7 2 12 7 11 5 9 7 10 1 4 1 2 11 5 3 7 1 9 4 3 13 9 1 10 9 5 10 2 1 9 1 3 1 7 13 10 6 5 9 2 7 8 1 13 3 7 10 5 12 1 4 12 3 2 7 12 1 5 7 4 8 12 12 3 6 12 3 3 5 4 12 2 7 2 1 3 13 2 1 3 12 6 8 1 1 8 7 6 10 6 7 3 4 6 10 6
75
1 8 12 4 4 26 27 9 24 11 24 3 21 4 12 3 10 17 22 2 10 1 27 14 5 10 18 15 18 22 19 2 18 6 1 5 19 8 10 1 25 18 11 18 2 2 25 12 18 23 25 12 23 7 22 19 3 11 13 23 1 15 12 17 17 4 17 21 18 12 27 20 24 3 14
119
13 3 12 16 17 15 1 5 3 1 7 16 5 1 4 5 9 15 17 13 11 17 7 9 9 1 3 1 10 6 11 17 1 1 8 14 8 3 3 6 11 10 6 14 14 6 8 15 14 3 6 13 9 6 13 12 8 9 7 8 3 11 3 14 8 1 4 16 17 3 12 3 10 17 7 3 3 5 2 5 12 4 3 9 15 7 9 9 1 17 7 6 3 3 17 6 15 7 7 11 17 3 16 16 15 9 17 5 8 12 8 14 6 13 3 9 6 14 2
163
3 9 6 8 4 2 4 3 10 4 9 6 9 11 11 12 4 13 4 11 12 8 8 3 2 1 4 11 5 1 12 12 2 12 6 5 12 7 11 6 6 4 1 10 10 8 7 2 13 3 3 4 6 12 12 10 3 2 3 3 8 5 3 7 8 9 4 5 5 13 9 3 1 4 3 3 3 11 7 3 6 10 10 6 10 9 2 9 2 10 10 8 5 13 8 3 12 4 2 1 4 8 2 12 1 6 6 9 9 9 6 2 11 10 11 6 5 8 7 1 5 1 7 8 5 4 11 8 12 4 2 5 9 3 11 3 4 7 2 8 8 1 4 13 12 9 5 3 3 7 1 9 12 3 8 8 11 11 2 2 4 12 2
26
38 2 41 67 35 69 37 52 28 66 8 10 37 55 73 56 75 41 28 28 44 25 44 13 63 17
173
4 6 1 2 7 11 4 1 12 11 7 8 12 12 5 10 5 6 12 9 9 7 7 8 11 4 7 10 7 11 7 3 10 4 10 1 4 4 5 4 11 10 2 2 5 8 4 11 5 8 7 3 4 11 7 1 5 10 2 6 2 7 11 8 7 12 3 6 6 1 6 3 8 5 6 7 4 10 4 7 1 1 1 8 3 2 1 7 6 1 9 7 5 8 6 10 3 12 1 9 10 5 1 7 5 7 10 9 5 11 10 5 3 2 10 4 2 11 6 8 1 6 5 12 5 10 9 1 1 7 11 2 3 8 5 6 8 1 5 7 10 12 2 1 3 2 8 12 4 12 9 2 7 4 11 11 10 4 10 7 6 9 11 11 8 10 5 3 3 9 12 7 3
60
19 11 27 28 30 30 25 3 9 3 25 32 22 26 8 3 17 26 12 13 31 31 9 2 23 27 34 8 6 15 25 8 29 30 1 18 21 22 27 18 30 27 30 15 20 21 7 23 33 16 10 18 24 31 10 5 9 14 4 3
193
1 4 7 10 7 10 5 1 7 8 10 9 6 5 11 4 1 10 9 4 7 1 2 2 8 9 7 8 9 11 2 2 3 7 9 4 1 1 3 7 3 2 5 6 3 9 7 6 3 1 10 3 9 11 1 8 8 7 6 7 1 6 10 11 1 6 8 4 5 5 2 4 6 4 6 4 5 7 4 6 5 5 3 6 10 6 5 10 7 10 10 9 4 9 3 6 1 3 11 4 10 9 6 5 1 2 2 5 2 5 6 10 5 2 8 7 1 2 4 4 5 3 2 11 6 7 4 3 9 4 11 6 7 8 4 10 11 6 11 8 9 8 2 7 6 5 11 8 3 10 3 8 5 8 11 6 6 3 7 9 3 4 5 6 1 7 2 5 10 3 5 1 2 7 7 7 8 11 10 3 6 4 2 9 5 1 1 1 6 11 7 4 7
135
6 15 2 10 5 11 12 1 11 4 9 13 12 10 10 13 4 4 15 15 3 10 9 2 5 1 11 1 13 15 5 10 12 15 14 13 8 11 11 1 2 11 10 7 7 15 2 5 15 8 13 12 14 4 5 14 4 10 4 3 13 13 12 12 11 5 4 12 14 9 13 15 14 13 5 11 14 1 1 5 6 11 13 15 2 12 15 10 6 2 9 4 12 4 6 2 6 2 3 1 11 7 9 2 9 6 5 15 11 13 6 7 15 14 15 2 5 3 2 5 8 12 2 5 6 9 1 2 5 7 10 6 14 11 14
145
1 9 13 6 10 10 1 1 1 3 7 9 1 1 3 14 2 3 6 4 14 3 13 8 12 13 5 10 12 5 13 2 9 12 7 2 12 4 12 2 14 6 9 5 10 11 3 9 2 4 14 8 8 2 9 8 5 10 12 11 6 9 13 12 5 1 13 4 7 10 8 7 1 4 10 7 11 2 3 7 13 7 14 3 10 2 11 14 11 5 14 9 2 9 5 6 13 13 2 4 3 9 6 13 8 8 7 5 10 2 10 5 7 13 9 12 2 12 5 4 7 8 11 6 3 4 9 1 7 4 14 1 10 3 13 6 9 1 14 6 1 9 2 1 1
100
16 11 6 7 18 18 18 17 4 2 19 9 18 4 17 4 11 20 14 18 15 11 3 5 15 7 14 6 14 9 12 3 15 10 5 5 18 14 20 3 15 13 17 4 10 17 13 2 14 10 11 17 16 14 9 16 11 6 11 17 16 1 4 16 8 18 8 11 18 14 16 11 4 5 17 13 7 9 12 6 13 1 13 17 15 14 17 11 19 15 17 3 4 2 11 15 1 4 5 10
35
26 55 24 8 6 1 51 33 43 11 6 1 5 35 54 39 19 35 29 13 47 23 47 19 52 41 22 26 8 10 47 31 53 19 40
73
9 10 18 20 17 9 3 14 4 18 1 6 2 3 23 1 17 27 19 17 26 23 24 15 23 7 26 3 7 19 11 19 25 9 25 26 4 1 16 23 27 16 9 4 11 3 22 23 27 11 12 22 23 17 7 25 12 22 11 16 17 10 5 1 8 11 25 11 20 20 20 15 1
157
11 1 3 6 6 4 6 8 11 9 7 12 7 2 10 7 12 2 11 1 10 10 4 8 5 7 8 11 3 8 4 11 13 10 5 8 13 10 9 3 10 7 4 13 6 2 2 10 1 6 2 11 10 5 6 11 9 10 3 12 10 3 1 3 8 9 8 2 2 1 2 10 7 5 10 1 10 7 7 8 3 6 8 6 7 1 6 13 6 8 8 6 13 9 10 9 4 5 13 10 13 13 12 10 13 11 2 6 1 10 10 8 3 12 6 6 3 11 6 7 3 6 7 6 3 4 10 8 13 1 8 9 2 5 8 6 2 6 7 3 6 8 4 5 8 10 7 2 4 3 12 9 7 4 8 6 5
121
11 4 14 6 14 9 16 6 13 7 3 11 10 12 6 7 16 3 7 13 11 3 16 1 11 7 16 14 3 3 8 6 13 5 16 12 6 13 15 8 6 16 3 7 6 11 2 17 5 3 14 9 4 6 17 1 11 16 2 1 13 13 2 2 10 10 7 1 4 9 5 10 6 12 9 15 10 4 10 9 12 7 12 3 4 16 14 11 16 14 9 11 14 8 7 14 7 10 10 12 13 5 3 1 16 1 15 3 7 5 11 16 4 12 11 15 5 1 10 17 14
44
20 26 9 42 24 29 12 13 25 42 37 20 36 32 36 21 27 22 9 37 24 33 1 20 40 41 35 13 24 4 10 33 30 41 31 4 2 36 2 17 31 33 21 26
26
43 26 5 4 45 10 46 72 4 77 58 47 17 41 27 13 43 57 36 4 13 35 45 70 7 28
169
6 5 3 6 6 5 6 8 4 5 5 4 4 3 6 5 2 11 10 9 2 4 5 1 11 11 2 9 9 4 6 10 7 11 3 11 5 11 4 8 9 2 1 4 8 2 4 5 8 1 2 10 12 3 2 9 4 8 10 3 10 5 9 9 5 2 3 4 11 10 2 6 11 11 11 7 7 4 5 4 4 2 3 12 5 6 6 7 6 5 4 8 12 7 4 8 12 7 11 6 4 6 4 3 4 12 6 4 10 3 3 2 4 3 2 4 11 8 9 6 4 3 6 6 4 9 1 8 4 9 8 11 3 1 8 4 7 3 10 7 12 11 12 7 4 8 5 7 11 11 8 4 5 8 1 9 9 11 9 8 12 3 9 3 5 6 5 3 11
183
11 3 10 6 10 10 10 11 11 8 8 3 9 10 5 5 6 6 8 8 3 3 3 7 4 11 10 6 10 10 4 2 2 9 10 6 10 1 9 4 7 1 7 11 10 4 3 1 1 9 10 3 3 1 8 3 11 11 8 5 4 5 3 7 3 4 1 10 2 11 2 10 8 1 4 7 1 11 5 11 1 5 1 11 2 11 10 10 11 7 2 1 7 3 8 9 5 5 9 5 2 4 5 11 2 4 4 2 8 2 11 7 6 10 11 5 8 9 3 2 10 3 1 1 7 10 7 6 6 5 8 3 6 10 7 10 3 8 10 4 11 9 9 4 8 9 4 5 4 10 8 6 10 11 5 1 7 10 8 3 10 4 8 8 6 7 3 1 7 9 1 4 9 9 8 7 9 7 2 11 1 5 6
83
6 18 13 21 22 24 19 5 5 9 15 18 24 2 6 11 5 21 2 24 6 6 15 19 24 18 23 3 11 4 20 22 12 2 2 18 4 4 6 21 18 18 6 13 20 10 24 22 1 25 11 2 4 24 17 19 3 4 6 2 13 21 9 6 24 9 22 7 22 17 12 2 9 2 21 21 10 15 24 3 22 19 23
38
28 45 24 3 31 24 52 33 12 9 24 18 20 32 9 15 26 7 7 40 13 20 35 53 43 45 33 18 12 16 46 26 39 31 11 53 26 28
152
4 6 11 11 1 8 9 5 11 11 3 7 9 6 7 7 3 4 8 4 2 6 7 13 4 13 8 12 11 3 7 10 3 13 7 7 3 9 8 1 9 7 1 12 7 10 9 10 3 7 5 9 4 10 8 7 11 11 4 11 4 1 1 6 10 3 4 12 1 3 11 5 9 7 8 3 12 6 13 7 9 3 11 1 12 6 13 12 12 13 6 8 13 1 1 14 6 9 13 3 11 8 11 7 6 11 3 10 9 3 9 7 11 12 13 7 4 12 8 11 13 13 9 8 9 11 3 5 6 6 12 13 2 5 4 11 11 3 6 7 4 12 1 9 7 8 3 9 12 10 12 8
80
4 1 2 13 4 9 15 2 18 5 20 15 10 10 4 20 13 2 16 16 19 10 12 12 11 4 23 9 20 14 22 8 11 11 2 13 15 21 9 9 17 10 1 19 5 10 14 15 19 1 24 5 2 15 5 12 1 4 23 18 24 5 12 25 1 10 16 3 21 6 3 6 3 5 20 23 6 15 15 3
12
77 115 119 25 123 87 105 93 162 165 65 123
59
16 24 17 9 34 34 7 13 10 30 30 29 13 2 6 33 25 33 13 14 27 32 13 28 4 23 27 25 23 3 16 2 23 6 23 1 3 23 7 12 6 20 13 5 28 2 24 24 33 30 14 34 2 14 24 31 22 13 22
22
5 90 79 24 56 67 34 54 33 3 45 53 65 35 10 17 27 82 83 69 72 33
16
25 81 36 42 3 55 30 54 20 56 108 64 25 12 40 106
146
5 8 13 8 13 3 4 8 2 3 2 14 8 9 9 10 10 12 5 3 10 5 5 1 3 7 8 13 12 6 4 14 13 6 1 11 5 9 11 3 14 8 10 13 6 4 8 14 9 3 5 13 12 12 8 5 9 13 8 3 10 8 3 8 10 8 7 7 10 9 2 7 4 12 4 5 4 4 14 4 8 10 6 4 12 10 1 2 14 5 12 11 6 6 10 3 4 13 8 4 3 6 3 13 2 13 10 2 2 1 11 7 2 8 12 13 9 10 14 3 14 1 11 9 8 8 9 11 3 1 11 3 4 10 8 11 13 7 1 4 2 13 6 10 12 7
119
8 15 15 9 16 4 11 3 6 1 3 6 8 7 5 7 4 14 5 8 16 17 9 11 17 6 16 17 4 13 6 12 2 2 3 9 16 13 9 8 5 8 8 10 3 12 11 17 4 8 4 10 3 9 9 2 9 9 3 15 8 4 13 3 3 15 10 3 4 13 5 8 15 14 7 8 1 16 8 15 14 7 17 16 17 2 2 15 5 1 17 7 2 7 6 7 2 2 5 9 1 17 10 9 4 2 3 7 7 14 15 11 3 13 7 4 4 13 16
183
5 5 6 10 8 10 11 8 11 8 1 8 8 10 7 6 6 8 6 6 6 9 3 8 3 7 4 11 5 6 10 10 2 5 6 7 5 11 9 2 1 4 8 1 6 1 2 4 6 9 8 7 7 7 11 2 10 5 1 11 3 6 5 2 10 3 1 8 1 6 2 1 11 6 4 8 3 7 1 4 4 2 3 6 2 7 11 7 1 7 7 5 5 10 10 4 8 4 6 11 5 8 8 7 11 9 4 9 7 9 7 10 7 6 8 1 11 6 6 7 4 4 3 4 9 2 10 1 6 5 11 9 9 11 8 9 9 1 3 8 11 3 7 11 9 10 8 5 5 1 10 5 8 10 4 11 5 9 7 8 3 7 1 1 9 3 9 9 7 6 5 3 6 10 4 3 7 4 2 5 2 10 1
187
6 4 8 2 10 2 6 9 8 11 4 2 2 10 2 2 11 8 4 9 2 8 3 1 1 6 10 9 1 3 9 11 11 2 8 3 5 6 6 5 1 9 7 11 10 1 6 10 5 3 5 3 3 4 10 4 9 8 6 1 3 10 7 5 8 2 6 7 7 3 10 8 5 6 1 6 7 1 10 6 6 3 6 2 2 8 9 2 9 9 5 6 4 5 3 6 9 7 7 7 2 11 3 1 10 3 9 5 3 9 6 10 7 6 8 8 6 8 2 3 3 7 7 3 9 4 9 9 4 9 2 10 8 11 7 1 3 8 3 3 5 10 2 5 6 1 2 10 11 5 2 8 8 1 4 9 5 8 10 2 10 9 9 2 5 11 8 3 2 9 4 5 6 5 5 3 2 6 1 3 7 7 7 7 6 3 7
84
23 6 24 6 21 24 19 16 6 14 2 11 13 9 15 24 11 2 2 14 21 4 22 16 10 8 3 18 8 5 10 15 1 10 5 5 11 24 18 18 17 12 2 14 1 5 16 8 22 23 24 3 3 2 7 18 2 13 9 23 4 14 5 4 3 14 18 17 8 18 5 10 3 8 17 16 22 20 14 17 10 13 18 21
172
11 8 9 11 1 9 2 11 1 7 4 7 5 10 11 10 6 10 9 1 4 1 7 9 3 10 8 3 11 6 1 10 7 6 2 8 4 2 11 11 2 5 8 6 2 8 12 1 1 6 3 5 11 3 4 2 5 6 3 4 7 2 10 2 8 4 1 11 6 10 11 2 3 11 8 5 8 5 7 12 4 10 7 6 5 7 1 10 12 7 2 11 10 8 1 6 10 4 9 6 10 8 9 11 8 1 2 4 10 8 3 12 1 8 6 10 5 8 7 4 9 5 9 10 11 3 12 9 11 6 1 7 7 4 3 3 4 4 3 1 6 4 10 12 7 6 1 6 11 4 10 4 3 12 6 3 8 2 10 11 8 10 10 2 8 5 2 11 12 2 5 11
58
22 35 24 23 12 16 15 20 22 28 17 32 8 9 28 19 20 12 6 26 13 8 27 19 12 4 13 12 11 24 5 25 1 34 22 34 7 12 32 27 21 24 13 28 4 8 13 24 28 26 17 13 29 34 10 10 30 31
67
23 22 20 23 27 12 15 6 5 28 25 23 17 9 3 24 29 26 3 13 17 26 18 6 21 7 6 22 8 23 25 4 4 24 5 10 8 2 16 4 26 5 3 14 11 7 21 11 26 8 28 27 19 2 12 24 20 16 14 29 12 29 18 30 26 18 30
185
7 2 7 7 7 9 3 3 2 4 7 6 10 2 7 5 1 7 9 2 9 8 7 4 8 1 7 4 4 2 5 10 6 4 7 8 3 2 3 5 8 7 10 5 9 9 4 7 5 4 6 7 2 6 4 2 6 5 7 6 5 2 2 6 2 6 10 4 5 9 11 9 11 1 2 10 6 10 9 8 6 8 5 10 5 10 1 6 11 8 5 11 5 8 7 10 5 2 3 6 4 4 11 4 3 4 6 5 7 6 9 2 4 1 5 3 2 5 9 4 3 4 11 8 2 6 9 8 2 11 9 11 3 7 5 11 11 4 5 5 8 2 4 3 7 3 5 7 5 3 4 5 10 7 10 8 11 6 11 8 1 7 7 1 3 9 5 10 8 5 4 3 10 11 6 9 10 9 1 6 5 8 7 2 9
172
8 11 8 6 11 11 4 3 9 4 1 6 4 7 1 7 2 5 6 1 7 4 7 8 7 5 7 3 10 1 9 10 4 7 7 1 7 6 7 12 10 11 3 11 5 2 1 10 3 12 8 8 11 8 7 10 6 9 2 3 7 2 7 1 1 11 9 1 3 9 1 5 4 1 10 9 4 3 7 10 3 12 10 11 6 10 8 9 9 4 9 6 6 5 2 3 4 2 8 1 4 2 3 9 3 2 2 2 11 7 5 10 1 8 4 9 3 8 11 4 2 8 5 7 6 9 5 11 5 5 6 5 4 1 1 11 6 7 7 3 10 10 1 11 3 10 11 1 6 5 1 11 7 4 1 9 8 7 8 2 2 12 9 5 2 1 11 9 7 3 9 9
97
17 8 20 15 2 20 12 15 14 16 10 12 18 18 6 2 12 20 4 8 14 13 11 6 19 10 11 20 16 7 6 19 1 12 17 8 12 20 6 1 2 19 16 17 10 4 2 17 9 10 12 7 11 19 15 6 21 17 9 17 7 1 14 10 1 17 16 11 13 4 7 3 11 15 5 15 13 16 9 14 17 4 11 18 7 18 15 10 9 19 11 3 19 8 18 16 3
146
9 5 5 13 8 9 13 11 12 11 4 8 5 13 8 10 5 4 12 1 13 7 8 6 6 7 9 12 5 3 13 8 7 9 7 12 2 7 8 9 12 1 3 8 9 5 10 7 8 14 4 11 1 13 8 5 7 3 6 5 9 4 1 10 14 11 2 5 9 1 7 11 9 9 7 6 13 9 4 7 4 7 3 7 7 11 3 1 14 13 12 3 12 4 3 11 8 3 7 11 4 5 10 1 13 5 5 14 10 2 5 7 1 1 1 10 11 1 6 10 14 7 3 14 10 14 10 10 10 12 11 5 12 12 9 9 4 3 8 5 2 10 5 11 11 14
193
5 5 4 8 2 8 1 1 2 8 3 9 9 9 7 4 9 9 7 2 8 1 1 2 1 10 1 4 7 11 10 5 6 2 3 1 4 4 7 7 8 9 9 4 6 6 10 4 2 7 9 1 2 10 8 2 8 7 4 2 9 1 10 8 11 1 9 4 5 5 2 7 8 4 1 1 10 7 10 5 7 4 7 2 3 3 7 7 3 2 6 6 7 5 3 2 5 10 4 4 8 1 7 7 7 7 7 4 1 9 6 6 4 9 7 4 8 9 5 5 3 5 9 1 4 10 7 3 1 3 5 6 7 4 8 2 2 5 1 7 11 2 5 1 1 4 4 1 3 2 3 1 1 9 1 8 2 5 9 9 3 5 1 8 3 6 6 4 5 7 6 2 7 2 1 3 10 2 6 9 3 8 8 2 10 1 2 1 2 3 4 4 7
193
5 3 3 10 2 7 2 10 10 5 9 5 3 3 5 7 5 3 1 8 6 9 7 7 10 8 3 9 9 10 5 8 7 4 1 4 2 2 8 2 7 9 4 7 7 5 8 3 2 8 7 1 4 2 4 7 6 10 3 1 7 9 2 4 7 9 1 9 11 7 8 5 4 10 7 9 9 10 2 6 5 10 9 9 1 4 1 1 11 7 2 7 11 8 2 7 7 7 9 5 6 6 9 8 1 10 5 6 11 7 10 9 7 11 10 5 7 4 5 4 7 4 10 2 7 2 3 5 2 4 4 2 8 3 1 6 1 4 2 8 4 5 3 5 2 1 8 5 4 7 8 9 6 2 3 3 1 7 10 11 3 10 10 1 5 8 1 10 1 4 10 7 10 8 5 4 9 5 5 7 8 6 10 7 10 11 10 9 1 10 3 10 2
40
29 27 9 41 11 49 21 40 40 11 23 20 6 4 7 22 36 35 29 7 22 28 30 46 10 10 24 41 12 49 26 22 35 49 21 18 41 17 23 12
132
7 1 4 5 2 13 4 11 9 8 10 2 10 11 15 14 8 6 14 2 9 14 1 6 2 8 14 12 13 9 4 8 2 7 14 1 5 8 1 5 12 1 2 9 16 1 4 5 14 14 1 6 3 9 10 10 7 2 7 4 11 10 1 14 13 5 10 14 5 4 13 7 1 10 2 5 11 13 11 14 2 12 14 9 2 5 6 1 10 13 12 15 9 2 12 12 2 6 5 1 9 15 1 4 5 6 13 11 7 2 6 10 14 16 13 6 9 1 10 2 12 8 4 7 14 2 2 2 11 4 2 15
180
8 11 4 5 11 3 2 3 8 10 3 11 9 11 8 2 10 3 8 4 3 7 2 6 6 10 10 5 2 3 5 4 7 6 3 7 7 5 10 3 4 8 2 9 2 9 7 8 2 8 6 10 11 11 12 4 12 1 3 7 4 6 10 5 5 2 5 11 9 2 12 3 9 10 6 10 6 10 1 7 6 11 8 1 5 9 8 7 6 10 1 11 7 8 8 1 11 6 2 7 7 3 3 3 9 7 10 4 10 2 8 10 7 10 7 3 6 9 8 3 9 4 2 11 9 5 6 3 9 2 9 1 3 8 10 2 11 1 4 4 8 11 6 8 7 5 2 10 7 8 1 4 9 8 2 4 2 10 5 2 3 6 4 6 7 9 11 2 1 5 6 8 5 7 11 4 7 7 7 3
35
39 57 34 26 17 47 33 1 56 10 37 27 29 52 21 10 19 32 55 7 29 25 42 15 47 6 21 22 22 27 34 16 11 15 38
84
6 17 9 17 10 13 17 24 16 24 22 10 14 2 14 8 3 7 24 12 18 4 12 1 9 6 6 21 19 18 9 11 22 5 16 23 12 18 17 15 20 6 10 1 12 5 4 22 17 4 3 1 12 24 5 19 20 9 8 4 20 1 19 19 12 15 10 2 2 6 19 9 10 14 3 15 12 3 21 4 23 7 22 22
84
15 17 20 18 12 10 16 10 22 16 18 19 5 14 21 24 15 22 21 22 4 13 11 11 5 11 20 1 7 21 23 11 8 4 11 11 1 13 22 9 5 8 16 19 16 21 15 6 7 4 17 22 6 19 1 8 12 2 17 1 24 16 13 12 21 4 19 8 23 19 14 14 20 12 21 15 5 19 15 14 2 16 4 19
21
23 49 38 52 54 89 60 34 42 64 22 64 79 57 24 87 15 21 58 22 39
182
5 5 9 7 11 4 2 7 4 1 9 3 5 9 9 8 11 8 9 4 1 7 10 4 1 8 7 2 7 10 11 3 8 9 6 7 1 5 11 8 4 10 1 8 6 10 3 10 9 8 9 10 5 7 10 7 9 6 10 7 1 2 2 3 5 3 7 9 10 9 11 6 2 4 9 5 11 11 4 9 11 9 3 8 7 8 6 7 4 9 8 11 10 1 4 7 10 11 7 3 1 11 10 10 9 3 7 7 10 3 5 11 3 7 8 7 4 6 6 5 11 8 10 5 2 9 6 3 4 4 6 9 5 1 5 3 4 7 4 2 5 1 7 4 7 9 10 11 7 8 1 3 5 2 9 1 1 6 11 2 11 6 2 9 1 11 2 5 10 6 6 3 6 8 4 5 2 9 10 5 9 3
41
20 13 40 5 24 25 46 27 30 48 43 34 49 13 15 38 27 46 30 34 38 13 44 45 27 43 16 46 33 47 42 25 19 36 8 47 17 11 29 24 43
42
47 7 38 14 24 1 10 1 22 30 39 35 31 41 28 40 13 17 35 36 39 30 20 14 40 1 27 24 35 29 17 3 5 31 46 30 14 1 4 24 3 7
140
15 12 14 7 11 5 10 6 11 9 1 3 11 10 7 6 14 3 7 4 5 10 7 6 11 6 8 14 7 2 5 1 6 7 5 5 11 13 10 4 4 10 1 11 3 3 11 5 2 11 8 1 9 8 4 8 7 6 7 13 3 6 9 3 3 2 7 9 3 5 7 2 15 12 8 4 5 10 7 4 2 6 5 10 4 7 2 11 7 8 2 14 1 4 7 3 8 7 3 14 12 8 10 2 3 13 6 1 11 1 12 6 12 14 12 5 14 11 13 11 7 1 6 1 12 10 14 1 9 1 7 5 4 2 5 6 8 11 1 15
23
82 12 51 62 16 16 18 1 18 40 23 66 83 39 33 47 66 77 71 49 23 51 10
83
16 4 17 13 15 16 13 13 24 16 5 7 8 2 13 11 21 22 4 22 2 2 13 23 24 12 9 17 4 24 1 12 6 2 17 3 7 17 3 2 10 7 7 6 13 21 7 13 11 18 17 19 19 22 8 19 11 9 19 18 5 12 10 19 2 8 4 12 8 7 11 22 21 6 20 3 24 4 18 18 7 2 5
191
11 9 6 8 3 4 3 5 2 3 3 9 9 10 7 9 2 5 10 10 10 10 2 7 1 2 9 2 3 6 5 10 1 8 9 3 8 11 7 6 10 7 3 1 2 1 4 10 4 4 10 11 1 6 8 7 6 5 9 1 4 2 3 8 11 1 4 5 4 7 10 1 8 11 5 5 3 8 3 9 10 1 10 10 4 10 3 10 2 4 4 10 8 9 2 1 11 9 1 1 9 10 10 1 4 11 6 2 8 3 9 3 7 3 10 5 6 6 3 8 4 4 1 6 3 7 5 3 4 1 10 2 10 9 2 3 3 5 3 2 3 5 4 4 5 5 2 1 7 10 8 10 7 1 5 6 6 8 7 5 5 1 8 6 9 1 7 10 3 9 6 5 2 1 6 3 5 9 3 7 4 2 4 4 9 9 10 6 1 6 4
86
15 18 23 19 9 23 15 14 1 5 13 10 9 1 19 17 19 23 1 16 18 6 2 17 4 6 5 1 21 11 7 21 6 5 15 8 21 12 6 1 14 6 9 20 7 11 15 21 10 9 20 2 16 17 2 9 13 20 17 22 16 1 12 19 13 24 15 20 9 20 18 14 3 3 20 23 19 14 18 24 7 12 20 1 11 2
13
153 2 75 145 122 39 113 72 85 145 9 16 118
37
50 19 46 48 49 53 29 10 28 6 36 5 53 20 38 31 19 40 38 49 47 31 43 32 11 12 36 44 35 12 24 2 15 42 29 36 46
12
155 130 72 137 158 112 41 6 24 113 90 103
157
10 10 12 13 4 12 3 8 12 5 9 10 7 2 4 6 2 13 2 4 6 2 2 8 6 2 2 8 9 5 11 1 7 5 13 3 1 8 10 6 11 7 2 12 11 8 2 4 5 2 5 9 7 3 9 13 11 11 9 3 3 9 8 9 9 6 3 10 13 7 2 11 5 10 12 10 2 10 12 8 2 9 11 9 12 3 8 5 3 12 2 1 10 2 13 7 9 8 4 12 12 12 1 10 10 1 8 11 1 11 10 5 8 9 5 10 2 3 10 8 10 12 3 2 10 2 10 12 3 3 6 1 7 5 10 5 12 8 2 12 2 2 9 11 13 9 9 13 12 11 2 5 12 6 12 4 7
93
7 11 6 17 11 6 9 12 6 9 18 19 17 14 4 3 17 20 11 3 12 2 2 3 18 13 7 6 12 21 6 17 13 16 16 19 19 12 20 4 16 9 15 2 17 11 13 14 11 4 20 5 19 14 3 15 22 19 10 16 19 12 3 9 10 19 14 15 15 7 4 9 1 6 20 20 13 21 7 13 21 22 18 5 11 9 19 12 13 14 6 1 18
46
40 27 24 1 7 2 44 28 44 27 40 40 37 2 1 19 15 32 15 24 2 44 19 4 3 13 20 11 19 27 18 1 42 31 28 32 23 17 2 5 6 22 4 20 4 42
93
13 6 1 3 1 5 8 8 8 13 11 4 3 11 17 4 18 12 8 15 15 10 12 11 1 5 4 8 7 19 15 14 15 21 2 5 9 18 6 19 2 12 1 12 18 20 11 7 15 7 15 18 21 11 11 14 20 7 10 17 12 3 11 13 2 4 7 19 17 11 10 8 21 9 17 18 13 13 14 18 21 18 16 2 17 18 19 9 13 11 19 20 8
61
29 1 27 33 21 30 2 3 25 9 26 20 25 9 33 8 29 6 31 14 6 22 2 9 33 11 15 5 22 13 4 25 7 1 22 17 27 31 26 20 18 27 13 23 4 3 10 29 2 2 12 21 32 22 3 17 17 2 33 11 17
9
76 99 177 148 197 25 193 6 221
93
1 20 13 11 8 7 17 13 20 11 13 16 19 10 18 14 13 13 20 11 3 5 6 10 7 17 8 22 2 16 10 15 7 3 6 10 13 6 15 21 13 11 5 3 4 18 17 8 8 10 13 3 15 15 6 18 13 18 19 3 17 2 14 5 22 5 20 19 14 11 14 20 6 13 18 22 1 18 17 9 1 5 17 8 16 4 13 8 18 10 11 12 15
1
1511
188
10 4 6 8 5 10 4 6 8 10 4 4 8 11 8 8 2 4 5 9 4 7 10 4 1 3 4 2 10 8 9 9 7 9 9 10 5 1 1 9 4 9 9 3 8 8 9 7 7 1 4 4 6 7 1 3 1 9 10 8 9 5 5 7 1 8 4 5 3 7 11 5 8 8 7 10 4 8 5 8 1 6 3 6 9 10 7 6 5 6 2 9 7 10 8 5 6 4 11 9 1 2 4 7 10 9 5 8 3 8 11 7 5 9 4 1 10 1 9 5 5 10 3 1 2 5 10 9 10 11 5 9 9 11 7 3 3 3 7 10 4 1 9 3 10 3 6 1 9 10 6 2 7 8 2 5 2 3 10 5 2 1 7 2 10 5 5 10 9 2 2 6 3 6 2 9 11 3 4 11 2 7 8 9 4 8 9 6
3
235 560 552
194
5 4 5 10 5 4 2 1 7 8 11 4 10 9 5 6 9 7 6 6 6 9 2 2 5 1 4 6 2 10 3 6 1 1 2 2 1 4 2 5 4 8 1 10 3 9 9 10 9 2 8 10 5 6 1 5 10 10 7 6 10 8 7 9 8 8 5 9 4 4 11 6 8 8 10 10 1 5 7 10 5 3 5 10 10 5 1 10 6 4 4 3 7 2 8 6 6 4 9 1 9 2 4 6 5 1 4 3 7 9 9 9 2 7 3 3 9 6 2 4 9 1 8 8 6 6 4 3 7 8 9 10 4 10 4 9 2 2 2 6 9 1 8 11 2 1 2 11 6 2 7 10 9 2 1 3 9 11 8 4 6 5 1 4 4 9 10 1 6 8 1 5 3 10 4 9 2 8 3 4 5 6 10 8 8 1 4 11 9 6 4 5 3 7
183
6 2 2 2 7 1 9 2 9 3 4 11 5 8 11 4 5 8 4 9 10 1 8 7 11 2 3 6 2 6 1 8 6 10 10 7 2 8 1 11 7 10 2 3 7 7 5 7 5 1 3 11 3 5 6 2 1 9 7 7 8 5 4 7 1 3 6 10 3 7 4 7 10 1 8 8 6 11 3 1 7 6 4 11 10 5 7 10 1 5 9 5 10 3 5 1 3 6 9 9 10 3 11 3 11 8 5 7 5 9 9 1 11 10 11 8 2 9 5 10 5 2 7 9 4 3 4 1 9 8 6 1 11 1 4 7 1 3 9 7 6 10 4 2 9 5 7 9 9 2 2 2 6 2 3 11 7 8 4 2 1 6 5 7 7 5 1 3 2 11 1 2 2 6 5 7 9 11 8 7 1 2 9
162
1 10 6 1 2 5 10 10 7 4 12 8 9 6 1 12 6 2 12 2 5 1 3 11 11 1 6 10 1 7 7 9 9 5 7 9 4 13 2 8 1 4 4 4 3 9 10 5 8 8 2 4 12 2 5 3 6 7 6 10 1 10 11 8 9 8 13 2 11 12 12 11 6 10 12 4 2 2 1 1 1 2 7 10 4 5 8 6 3 2 8 8 3 7 4 11 6 8 7 6 9 9 2 3 9 1 2 12 4 10 1 8 8 11 7 5 5 11 3 12 1 7 4 7 7 8 7 4 5 12 8 7 2 2 1 5 10 8 5 5 3 5 1 8 8 11 4 12 8 9 12 9 6 1 2 11 11 12 8 4 2 8
147
3 14 9 1 4 4 6 6 10 3 4 6 12 6 1 12 9 9 2 7 9 12 9 5 13 10 14 13 6 5 9 3 6 8 3 6 8 3 13 6 3 8 11 6 12 5 7 3 5 10 12 7 12 3 8 3 11 6 11 14 4 14 5 8 1 14 14 3 10 13 5 4 13 9 2 10 4 13 6 5 5 1 9 13 2 1 6 4 7 14 6 3 6 2 2 8 11 4 1 11 9 3 11 2 10 8 11 6 2 5 2 3 1 7 7 3 9 10 12 6 8 14 7 7 4 13 2 5 9 12 3 3 11 5 7 14 5 5 4 4 7 14 8 5 7 5 13
75
14 14 12 4 6 2 27 20 20 5 17 9 10 9 21 27 25 7 24 5 19 9 5 18 25 26 7 23 25 9 5 24 16 6 14 7 26 14 16 23 22 2 26 19 7 27 18 22 14 19 26 5 11 20 19 13 6 17 13 6 7 27 15 7 13 17 12 1 24 18 17 18 13 6 25
143
5 6 2 11 8 9 3 7 7 5 3 4 3 3 6 5 9 5 5 1 10 6 10 2 14 10 13 10 12 8 3 13 5 6 12 14 14 12 7 4 3 13 2 1 7 1 9 10 1 1 9 3 1 9 2 4 5 10 4 10 13 5 5 12 2 2 2 4 9 14 9 8 9 14 11 5 11 6 4 3 12 8 10 10 8 13 12 10 3 1 4 11 12 14 10 7 9 9 7 1 13 12 5 14 13 4 13 8 13 11 3 8 8 7 3 10 9 8 6 7 6 3 5 3 8 3 8 14 9 8 11 3 12 1 11 13 5 10 3 7 8 8 11
171
2 9 2 3 3 12 6 7 11 12 4 10 8 3 11 2 4 9 4 4 1 4 7 9 8 8 7 9 3 8 7 7 5 11 6 9 11 1 8 9 2 9 11 3 4 8 9 10 2 2 4 10 2 6 3 10 9 10 7 10 8 7 7 10 8 5 2 3 3 2 10 10 6 4 6 7 2 11 9 3 3 5 4 2 7 9 3 11 4 6 8 8 4 7 11 11 4 2 8 4 1 11 10 6 10 1 5 6 3 4 2 3 12 11 1 11 1 8 6 6 9 6 8 2 4 5 3 10 10 10 6 7 4 6 2 2 5 3 11 8 12 8 12 4 5 8 3 1 6 1 4 10 1 10 11 8 1 5 7 11 12 1 7 1 9 9 6 10 5 12 2
161
6 12 1 12 2 11 9 7 2 8 3 13 6 12 1 10 3 2 4 8 4 10 9 10 5 12 9 3 9 13 5 7 4 5 8 2 2 2 10 9 7 6 8 9 9 1 2 3 9 9 7 1 5 8 4 9 3 2 2 2 8 1 10 1 10 1 10 5 6 6 9 11 2 4 1 1 7 7 11 7 3 8 3 6 4 2 10 1 12 8 4 5 10 1 6 11 2 6 4 11 2 13 7 10 7 8 6 9 12 10 10 2 12 6 1 9 10 6 10 11 9 8 9 9 11 1 1 10 8 7 1 11 1 13 3 2 3 9 2 11 12 8 8 7 1 13 11 9 2 4 8 10 12 4 4 2 12 1 9 9 10
144
5 2 12 10 11 10 14 1 11 8 11 7 6 2 6 6 7 14 4 5 3 1 4 5 11 6 9 12 5 5 3 2 1 6 2 8 8 8 2 3 12 6 10 9 9 10 11 2 12 3 1 13 7 5 3 2 13 14 8 12 4 4 13 4 12 8 5 12 3 4 12 14 12 13 2 10 11 9 8 5 1 5 2 1 13 10 8 8 7 9 5 12 6 6 10 9 12 13 2 14 13 1 1 4 14 1 14 13 7 14 9 6 9 12 4 1 4 7 1 13 3 3 4 9 5 1 10 7 7 9 11 10 2 5 2 9 2 1 6 6 14 1 9 5
174
1 3 3 9 1 1 12 10 7 3 9 5 9 4 7 11 5 7 3 11 3 1 7 7 3 3 10 3 2 3 9 1 7 5 8 7 11 6 7 4 10 2 4 2 10 1 11 6 9 8 3 10 1 1 9 11 9 3 5 9 4 3 7 6 5 6 5 2 7 9 1 7 2 6 1 3 4 7 2 7 3 4 6 12 9 1 1 11 3 1 3 11 8 2 10 4 9 9 1 5 2 10 5 2 3 8 6 7 9 11 5 9 7 2 7 3 1 10 6 11 4 11 9 2 1 3 8 6 6 6 3 2 2 4 9 5 6 1 10 8 1 1 10 1 3 6 3 6 7 7 10 5 8 1 8 11 3 8 5 4 1 12 1 6 3 2 10 11 1 5 12 9 6 10
98
6 5 19 5 10 14 10 11 16 4 18 8 2 4 14 8 16 8 13 4 20 7 8 1 15 14 11 14 4 7 9 14 11 13 5 17 11 7 15 7 15 15 9 1 11 8 14 2 5 16 15 14 9 5 9 6 7 4 8 2 3 1 19 10 20 11 1 10 1 5 17 8 4 12 18 17 10 5 15 1 18 4 16 1 6 5 9 7 2 8 4 7 10 20 4 18 17 5
103
15 5 11 8 18 11 9 8 8 12 16 14 16 13 4 8 18 6 3 6 17 11 15 19 17 2 9 2 19 3 1 2 14 9 2 14 12 6 4 3 5 4 17 1 16 10 19 14 17 4 9 4 12 7 3 16 17 8 2 16 6 11 10 5 5 3 8 3 19 13 6 13 8 5 19 11 5 19 5 7 18 12 6 7 3 2 4 20 8 20 17 14 1 2 17 8 16 10 14 10 8 19 4
121
5 6 5 8 6 3 9 14 1 12 14 1 3 9 16 1 3 2 9 13 11 4 17 15 7 1 13 12 16 15 9 9 10 7 16 10 1 15 9 15 14 15 12 11 1 7 3 12 9 16 8 13 6 6 1 4 4 15 12 8 15 5 2 1 7 10 2 13 1 9 2 2 11 9 14 13 5 6 4 15 12 5 5 10 1 11 15 5 11 3 4 1 3 4 3 5 2 3 12 5 15 16 1 15 7 8 5 16 1 6 12 16 16 9 5 11 15 14 9 7 7
92
11 17 18 14 8 21 14 12 12 4 6 4 11 19 22 3 21 12 3 3 9 17 19 6 7 12 21 6 1 16 1 2 11 15 13 18 11 2 14 10 15 8 13 7 1 11 14 9 21 2 16 8 4 16 22 20 15 3 13 2 15 1 7 19 10 10 6 2 8 2 10 21 10 17 16 3 21 14 9 18 14 4 14 19 1 2 7 17 20 9 6 16
53
29 24 23 15 10 19 24 4 28 28 22 30 29 18 14 38 5 15 15 23 35 18 8 8 24 38 1 32 30 4 29 21 16 2 37 16 30 11 22 12 19 16 29 31 21 8 22 23 38 5 4 25 21
110
8 2 6 2 12 15 7 2 18 10 9 13 13 7 8 13 18 6 6 4 9 8 1 11 1 4 13 4 3 14 14 4 15 17 8 8 5 1 5 2 16 2 3 2 14 6 5 11 3 14 7 2 8 14 14 8 14 8 10 15 7 16 7 14 12 7 7 5 10 17 3 19 6 7 15 10 4 9 2 2 14 2 7 7 18 14 1 4 13 8 9 1 16 2 13 16 4 15 6 2 8 5 8 15 6 14 9 11 4 14
130
4 9 1 10 12 6 3 1 9 5 11 3 4 5 4 5 9 14 7 7 14 15 14 9 12 12 16 16 16 4 14 14 9 12 6 12 1 9 1 2 14 12 14 15 11 7 8 12 3 12 13 16 9 6 2 12 10 14 12 3 7 12 3 3 2 2 10 7 7 1 10 7 13 15 3 5 15 5 3 15 7 16 12 4 14 9 10 1 12 5 1 12 11 14 3 7 16 14 4 6 1 14 12 4 15 12 10 12 15 5 8 9 13 9 10 2 1 15 7 12 12 2 4 12 5 8 7 4 2 10
108
4 3 15 10 10 1 5 3 9 14 2 15 15 17 11 13 15 18 6 10 11 2 2 18 9 6 1 6 10 1 17 10 15 16 5 5 5 16 7 13 3 5 18 15 7 12 9 16 15 18 15 12 9 13 8 9 16 16 18 18 5 18 5 18 14 10 4 5 10 7 7 16 10 11 13 1 18 17 5 6 11 15 6 5 5 2 7 16 11 4 10 12 4 3 3 15 16 17 8 6 19 12 5 19 14 16 6 13
109
5 2 1 1 10 2 5 11 3 3 11 1 18 6 7 15 2 11 7 13 16 18 1 6 15 6 17 1 9 4 4 10 17 14 17 4 15 15 6 7 18 1 19 5 1 17 3 6 11 5 13 5 13 8 12 13 5 15 18 8 16 16 8 17 6 2 4 5 6 9 8 4 14 18 2 17 3 10 4 12 9 5 17 8 3 13 14 18 12 4 1 5 16 7 18 9 5 5 15 5 17 12 2 1 2 18 16 9 8
51
14 1 32 5 38 12 25 37 31 17 31 25 11 11 32 29 36 24 29 33 33 36 39 33 13 13 39 25 3 24 23 10 17 7 14 12 35 29 20 15 27 23 5 22 28 9 31 21 34 18 31
136
13 4 15 6 10 14 5 7 15 4 11 14 1 15 5 12 12 11 10 13 7 1 8 3 2 10 11 1 8 1 1 7 15 3 9 4 15 10 7 13 6 5 6 13 9 10 10 15 2 11 11 7 14 1 7 1 6 12 15 12 14 12 10 11 10 13 10 15 14 12 9 4 7 8 14 5 11 8 1 7 6 7 9 13 14 14 11 11 6 7 9 5 1 13 6 4 9 6 7 5 14 13 5 1 7 4 6 13 5 8 10 12 11 6 9 4 3 4 13 4 13 9 1 10 7 1 14 13 3 9 13 2 8 6 11 10
200
5 6 5 3 2 7 4 6 8 2 4 6 9 4 3 1 8 4 6 10 8 10 1 7 8 5 5 8 2 1 10 6 7 4 2 1 8 6 4 1 6 1 4 7 1 5 4 10 1 5 6 3 6 9 7 2 2 6 1 10 10 5 2 8 8 9 9 3 9 8 4 6 5 3 4 3 4 6 10 5 7 5 8 2 5 8 2 8 7 10 1 7 1 3 9 2 4 6 8 5 3 6 8 2 6 10 10 5 7 10 7 1 7 4 4 3 3 1 7 10 2 1 7 3 6 6 10 8 10 10 2 2 7 3 9 3 5 9 2 6 4 6 8 9 3 6 9 3 7 3 6 3 7 6 10 4 6 5 1 2 2 4 9 10 5 1 2 3 6 8 7 1 9 4 6 1 8 1 3 6 2 3 1 5 8 3 4 9 1 5 10 6 7 2 1 2 3 7 3 5
3
364 414 339
106
18 3 7 12 4 13 2 7 2 12 5 10 16 4 12 2 19 3 13 14 4 7 15 7 5 14 12 16 10 14 14 7 1 15 14 9 17 16 19 4 18 18 13 9 15 2 10 6 3 16 7 9 19 18 14 14 4 11 15 11 16 2 9 19 11 3 14 16 12 9 5 17 9 19 18 11 13 6 7 11 14 12 12 4 7 8 9 19 14 6 13 1 18 13 6 14 5 5 8 3 4 3 2 8 10 14
105
15 14 2 4 16 4 6 18 11 6 17 5 1 12 18 11 10 8 7 2 2 9 12 3 7 19 11 15 9 12 17 6 16 3 7 4 1 10 7 8 8 9 17 7 15 14 4 9 7 18 8 19 8 7 2 14 18 11 14 14 7 8 2 18 13 15 19 3 1 10 7 17 19 2 17 13 17 3 5 5 2 8 3 17 1 16 4 10 1 11 5 2 6 8 15 14 17 7 1 11 7 11 15 2 11
167
9 12 11 11 5 10 1 2 5 12 6 9 12 8 11 8 9 4 8 4 7 11 1 2 10 10 1 9 7 5 7 9 11 10 8 1 11 5 3 10 11 10 4 6 7 3 7 8 3 3 7 4 4 12 7 2 2 11 12 5 8 8 11 12 10 1 5 1 4 4 7 7 4 2 2 2 2 7 10 1 3 2 12 3 9 1 3 6 5 10 2 6 10 3 1 8 6 6 5 5 7 2 10 1 9 1 4 11 10 12 9 3 12 3 6 7 7 7 12 11 7 8 4 5 4 9 5 4 1 4 5 5 3 8 6 3 2 10 10 12 11 11 8 10 10 3 11 10 1 11 6 2 7 9 9 4 9 3 12 4 1 6 7 6 9 11 9
1
560
20
76 60 53 89 9 44 63 98 53 29 58 58 82 30 52 58 62 16 66 37
104
17 18 19 2 2 7 13 7 5 14 14 14 7 1 7 5 12 6 2 19 17 4 7 7 2 9 11 2 9 3 14 17 19 9 10 11 17 8 18 6 3 16 2 11 2 2 16 20 15 6 5 3 1 16 13 2 3 14 15 11 6 2 7 1 13 4 17 11 12 14 10 3 3 4 5 7 9 10 5 17 8 14 5 9 10 8 11 14 20 3 6 6 1 12 11 19 14 1 17 10 18 11 9 12
99
9 15 12 15 6 12 11 18 13 20 5 17 9 20 18 11 1 2 2 15 13 10 2 17 15 16 13 14 10 13 1 6 17 11 9 14 5 17 17 12 1 9 5 18 16 1 8 19 3 10 8 10 2 5 4 12 2 7 4 7 7 16 17 12 1 14 6 12 1 1 19 13 16 12 3 8 16 8 20 3 6 2 1 9 13 18 5 9 11 15 19 1 16 1 3 2 12 17 18
28
29 50 38 56 2 5 21 17 27 2 17 57 45 14 67 11 39 40 9 19 39 35 54 6 62 33 12 29
25
67 61 80 37 3 39 18 32 40 25 3 68 64 7 43 14 70 55 10 55 73 12 39 7 24
193
4 11 10 4 3 7 5 2 5 2 1 9 1 8 3 1 9 5 2 6 9 5 3 3 4 10 9 6 1 8 9 1 3 10 2 2 7 11 8 8 10 6 4 10 5 7 3 5 7 3 2 5 9 5 10 1 8 2 1 3 9 10 10 2 10 2 5 5 11 6 4 10 5 8 2 6 4 7 4 5 7 2 9 7 2 10 10 5 9 10 3 3 6 2 9 10 6 1 2 4 2 11 4 4 1 8 8 4 7 9 1 10 7 5 9 9 5 7 2 7 3 1 7 11 2 6 8 6 4 10 8 5 5 10 7 8 1 11 10 4 6 5 1 1 7 1 9 3 6 7 2 10 7 9 2 11 7 2 1 5 4 4 5 8 1 5 5 8 3 3 7 1 1 8 6 7 3 3 2 3 1 6 1 5 3 3 11 5 1 8 2 6 8
34
6 44 22 45 1 23 36 43 54 50 43 52 10 54 5 45 31 1 35 11 31 52 57 27 9 38 44 14 56 33 28 44 33 54
5
110 245 19 338 68
43
4 42 45 9 39 43 3 3 28 46 42 21 19 25 17 1 7 21 30 25 23 11 5 41 7 46 12 8 28 18 31 26 12 7 7 22 7 41 18 35 47 11 29
103
10 6 13 16 14 11 4 17 5 18 13 15 19 14 7 11 8 15 13 16 5 16 10 13 10 10 14 2 5 18 14 3 12 17 11 18 8 14 8 16 4 6 16 3 13 4 18 2 16 8 6 18 17 16 2 20 17 19 14 8 1 5 15 12 4 14 3 6 8 9 10 5 12 19 11 15 9 13 7 16 12 13 16 12 5 19 12 19 1 9 14 14 13 2 4 14 11 12 13 17 6 6 16
22
67 8 38 9 24 8 88 25 27 55 1 90 44 29 18 28 46 60 20 67 42 32
25
27 14 74 22 46 3 23 20 26 62 75 68 7 71 56 78 78 20 22 50 21 13 78 62 54
33
40 57 37 44 33 9 3 7 51 3 55 60 15 5 20 6 57 56 58 8 17 38 22 40 31 46 4 26 38 47 39 1 24
135
6 15 13 2 12 9 2 1 15 14 10 9 12 1 14 4 10 8 10 3 13 9 6 9 7 14 3 7 5 12 11 12 12 6 7 5 9 8 12 5 8 1 14 7 6 6 14 13 8 11 6 6 1 8 10 2 2 4 13 5 14 7 11 2 5 13 4 6 7 8 10 13 13 1 6 12 13 2 15 7 12 7 14 3 5 10 2 4 5 11 6 8 13 9 12 8 15 12 11 14 6 4 3 14 13 6 7 2 1 2 1 10 15 10 1 3 15 9 13 3 2 8 12 2 10 7 12 12 15 12 8 1 14 10 5
84
21 11 21 14 18 13 21 12 10 15 1 15 19 23 15 2 17 19 13 10 22 3 21 20 4 22 17 10 13 7 15 17 18 11 18 5 8 2 22 5 20 6 2 22 16 2 8 13 24 21 5 23 10 10 7 18 17 9 10 4 17 14 6 9 9 10 23 17 9 1 7 22 5 8 20 24 7 5 13 5 9 6 13 19
62
30 22 13 7 26 23 25 16 23 24 30 32 25 16 17 19 24 32 5 31 4 8 18 22 4 29 13 13 28 2 18 11 14 32 26 12 25 1 20 16 3 30 24 20 9 15 21 26 17 10 6 12 14 24 29 9 28 9 26 23 7 29
165
3 2 3 1 9 1 7 3 7 12 1 9 6 6 2 4 12 2 2 8 5 9 8 10 7 13 4 6 11 4 2 4 4 6 12 2 5 7 4 11 2 3 1 6 6 9 6 5 3 6 4 2 1 12 8 11 6 9 1 9 8 3 11 9 8 5 5 11 6 2 8 2 3 1 10 12 2 12 2 5 11 6 12 5 7 6 9 3 10 4 3 7 2 5 12 9 7 4 6 5 4 7 1 6 4 9 1 6 11 4 12 3 7 5 5 1 7 11 9 1 2 12 10 1 1 6 11 7 7 5 10 5 2 1 2 6 5 7 1 9 12 12 4 3 10 10 12 3 1 2 8 10 11 7 5 5 7 2 9 12 6 9 12 9 7
189
1 5 3 4 1 9 7 5 6 5 11 6 8 6 9 5 9 7 5 8 1 1 3 2 9 6 9 1 10 1 3 1 1 7 6 6 1 11 10 2 10 11 1 6 3 7 8 4 3 5 7 1 9 8 6 8 9 4 6 5 3 1 4 4 7 3 2 4 8 4 9 3 4 3 6 1 9 11 5 10 11 4 9 6 5 9 1 7 1 4 9 10 9 3 3 3 3 11 3 7 8 5 2 1 7 9 4 4 9 4 2 2 6 11 9 9 8 10 11 7 4 8 6 4 3 10 6 11 5 5 8 10 8 5 5 6 10 10 5 8 11 10 4 9 4 4 5 8 8 6 8 4 7 2 5 11 4 3 6 11 10 1 5 8 4 2 8 6 7 4 3 1 2 11 11 4 11 5 4 5 11 4 1 3 11 8 6 4 6
43
15 28 19 26 2 19 25 37 30 23 13 17 15 2 34 38 1 24 27 19 8 39 32 31 43 14 41 3 2 23 35 1 22 41 4 5 36 28 38 8 39 40 42
191
6 11 4 2 2 4 4 11 5 1 10 3 4 7 7 9 10 10 5 9 3 5 1 1 10 4 4 6 1 1 8 5 11 1 11 1 5 3 9 6 9 1 6 10 4 6 5 6 6 3 9 10 4 7 11 6 9 2 7 4 2 5 10 9 4 5 11 2 3 4 2 4 10 2 4 2 7 6 9 6 4 5 1 4 4 3 3 7 10 7 8 4 10 10 6 1 11 2 9 4 7 1 11 3 4 7 8 1 5 9 9 8 3 3 4 8 1 1 4 10 7 1 1 10 6 11 6 5 5 10 7 11 7 11 10 7 1 10 6 1 6 9 10 8 2 3 7 10 8 2 1 1 10 1 2 8 3 3 2 10 9 5 9 9 8 7 1 8 7 1 4 9 9 4 10 1 5 9 6 5 5 3 10 3 9 1 3 2 9 8 7
36
26 7 10 6 32 21 46 52 48 11 56 9 16 7 19 46 5 25 20 7 52 50 30 17 4 9 14 3 41 35 2 13 46 4 20 15
52
18 12 12 5 12 30 34 2 24 31 14 20 36 3 26 35 25 12 27 29 11 21 9 17 18 18 9 9 17 28 12 7 37 15 13 25 14 11 16 28 22 18 35 20 21 8 38 33 38 39 24 21
5
3 114 105 298 85
149
5 6 8 2 11 9 5 1 5 10 7 10 4 12 13 1 3 8 3 13 5 11 5 9 6 8 6 3 5 2 6 1 9 3 4 7 13 4 13 13 3 6 6 4 7 7 4 13 13 12 8 10 9 2 13 4 10 2 9 10 1 7 7 13 9 13 3 11 1 4 8 7 2 10 3 3 13 9 9 7 5 13 10 1 2 6 14 8 6 6 3 11 10 11 3 9 5 14 7 9 6 2 4 1 7 6 5 9 14 9 10 8 11 11 7 2 10 9 10 8 6 7 12 8 5 9 12 6 5 10 9 5 11 4 7 9 6 2 5 6 7 11 7 4 1 9 3 12 5
164
2 1 7 12 11 11 7 6 9 3 4 8 2 4 9 2 7 12 1 11 9 6 6 11 5 4 4 8 1 4 5 8 8 12 10 4 2 8 5 7 9 6 2 3 2 7 8 5 4 1 6 12 12 11 4 12 12 4 8 4 9 6 4 6 8 11 2 11 4 6 12 1 10 8 12 6 2 7 10 12 6 4 12 10 5 10 4 10 4 3 1 5 7 1 7 5 12 10 5 5 8 10 4 12 9 3 8 9 3 9 11 8 1 3 4 12 5 5 6 3 6 6 6 12 2 5 5 13 4 7 6 11 4 6 7 3 6 2 12 11 12 8 3 4 7 7 1 3 7 5 6 8 11 9 7 8 5 3 11 3 7 5 9 12
169
7 9 4 9 4 2 3 7 12 5 8 5 8 6 3 4 12 3 1 4 9 11 6 1 7 10 1 4 5 9 12 1 4 2 6 9 12 1 9 12 5 7 11 8 9 7 3 7 12 4 9 11 6 3 1 7 1 2 7 5 3 8 11 7 8 6 4 7 1 10 3 3 10 8 9 11 8 5 12 1 11 3 3 1 6 9 11 8 4 4 4 2 6 1 8 10 12 7 4 2 12 6 6 7 4 7 1 8 7 10 1 5 11 10 4 12 1 7 8 7 8 1 9 4 1 10 12 12 8 2 10 7 6 6 10 7 4 11 8 7 1 6 9 6 6 8 12 1 8 6 12 5 1 8 1 6 11 5 8 6 9 7 5 1 11 10 11 3 1
115
8 17 2 4 12 8 17 16 9 14 5 16 7 3 9 5 13 1 6 15 8 12 11 5 12 8 1 15 4 5 13 1 16 14 11 4 4 8 15 15 13 10 12 17 16 8 17 11 10 10 12 2 11 10 1 14 3 3 8 5 12 13 16 4 3 3 17 12 8 10 15 1 16 3 4 10 1 12 7 11 12 12 17 15 8 14 11 2 10 6 14 16 1 4 7 4 14 9 10 15 16 4 15 8 1 8 12 1 17 15 11 11 1 1 17
101
8 19 2 8 9 5 19 10 4 14 14 20 13 16 13 20 3 18 3 18 1 1 5 10 12 3 13 6 11 18 19 5 4 18 9 15 18 3 13 16 15 6 4 7 19 4 20 6 17 10 2 11 16 1 10 7 13 10 11 16 5 10 12 13 11 16 20 18 20 1 6 10 12 6 15 1 6 19 14 17 4 13 11 1 7 11 18 11 9 3 12 16 14 11 3 18 2 17 13 10 1
195
10 3 9 4 6 9 2 11 6 10 1 4 2 10 4 8 3 10 1 9 5 5 7 8 3 7 9 1 4 4 7 1 6 7 8 9 2 6 2 2 1 9 5 5 5 2 1 11 11 9 3 3 10 2 5 1 5 5 10 10 10 10 3 3 11 3 5 5 3 7 5 11 9 8 3 8 11 7 3 8 3 1 6 1 6 9 1 3 5 8 4 9 8 4 10 5 6 10 1 9 11 6 1 10 8 3 8 10 6 7 6 7 2 10 2 7 1 5 9 8 3 5 10 5 7 5 10 10 2 10 8 9 1 9 8 2 9 1 9 10 10 10 1 6 9 2 2 8 3 8 1 8 1 3 8 6 5 8 9 6 2 5 9 8 5 7 6 4 8 4 6 3 9 4 2 7 1 1 5 4 4 8 6 9 1 4 9 3 9 3 4 11 1 8 3
81
17 11 8 15 6 17 10 4 13 2 5 22 14 23 4 9 18 5 12 9 24 5 3 9 3 1 24 21 6 8 15 23 8 8 23 10 18 3 2 4 21 12 4 17 23 5 14 17 12 3 11 5 2 16 1 12 20 6 12 21 14 24 16 7 16 7 4 16 24 10 2 6 7 9 18 2 20 22 14 21 16
120
17 17 3 1 1 16 2 7 17 4 8 3 16 9 11 2 11 3 12 2 9 2 5 16 6 12 9 1 7 12 12 15 17 9 17 4 14 17 2 13 1 3 12 14 8 17 6 1 12 6 14 12 16 3 1 11 15 7 6 17 1 13 14 6 13 9 14 15 13 6 2 5 10 15 6 5 3 17 14 11 1 7 14 1 5 15 15 6 1 10 13 5 17 16 10 6 7 4 16 3 11 1 10 14 10 3 6 14 17 8 14 9 12 12 6 6 4 10 1 11
130
1 14 16 8 11 11 11 5 5 11 3 12 16 4 2 6 3 4 14 10 4 2 8 5 16 8 13 13 1 4 1 9 4 1 1 4 2 2 7 13 7 13 6 1 3 14 14 3 9 9 1 11 5 13 6 9 9 2 4 8 1 5 11 12 5 4 14 13 15 9 10 14 4 6 13 4 4 4 6 13 1 4 5 9 11 8 10 12 8 1 1 1 5 3 3 4 1 16 16 4 7 1 14 3 14 8 7 15 14 10 6 11 13 9 9 16 11 4 13 15 12 16 6 6 11 10 16 10 8 11
30
14 4 15 59 13 15 14 50 2 12 15 61 55 46 27 52 8 62 38 67 6 54 14 55 60 63 11 57 23 23
51
22 30 11 34 29 12 12 38 25 8 28 31 39 16 39 9 24 26 9 33 3 10 28 19 16 14 28 33 8 6 34 19 31 3 39 25 36 2 24 6 21 16 5 39 12 10 15 37 14 14 26
59
30 24 13 21 11 18 13 15 1 27 10 11 5 32 14 13 2 6 20 19 28 6 5 1 27 13 22 12 3 5 18 22 30 7 24 6 32 9 31 19 2 33 18 8 31 12 2 9 34 26 7 23 23 10 5 30 30 30 8
121
13 8 16 12 13 15 9 17 13 9 11 14 12 13 14 14 15 5 15 1 3 10 16 15 5 3 1 12 2 11 6 8 12 10 11 7 14 3 15 3 1 4 12 6 15 7 11 1 4 5 12 1 5 14 11 4 2 16 13 13 3 9 8 2 13 6 11 14 3 17 8 13 11 11 2 15 5 16 1 17 6 15 4 3 12 11 4 6 8 5 13 7 5 16 2 3 10 2 2 3 9 6 2 12 6 6 16 16 13 11 10 16 9 4 6 13 13 5 16 4 9
78
10 4 22 11 25 14 16 20 24 10 21 6 8 10 20 24 4 7 10 25 25 6 6 9 11 19 19 7 26 16 5 17 7 1 15 23 20 26 10 22 3 18 24 11 4 17 24 7 5 16 23 1 6 26 6 8 1 15 23 17 13 16 6 12 24 1 7 17 25 12 6 20 1 24 25 22 9 7
135
11 4 6 14 11 10 9 7 10 9 5 15 10 14 9 12 5 12 12 15 15 10 5 8 8 7 2 2 6 13 14 12 2 1 4 2 11 5 6 4 9 8 7 7 14 14 8 8 12 2 4 5 7 15 3 11 15 2 7 1 4 15 11 12 14 2 4 2 14 4 12 5 12 1 14 7 13 8 1 9 3 2 5 5 14 7 9 12 1 5 4 1 7 7 15 1 8 4 11 10 9 9 13 4 5 13 14 13 13 5 9 6 3 10 12 2 3 11 8 15 8 3 5 3 2 1 11 13 5 2 4 1 4 13 13
154
2 7 6 9 5 10 5 8 4 7 13 1 13 12 3 6 13 2 3 9 7 2 11 11 13 11 6 6 11 13 9 1 9 1 3 8 7 11 1 3 13 1 7 7 5 8 2 6 6 11 6 9 7 10 8 12 5 2 13 7 8 13 8 7 12 8 10 9 10 8 7 10 10 3 11 3 9 12 3 11 12 6 4 5 10 1 13 2 4 6 5 9 7 2 13 10 12 2 13 5 4 11 8 9 9 12 10 11 11 7 2 13 1 7 5 3 5 12 10 1 5 6 1 1 11 1 8 10 4 6 2 7 2 12 11 5 1 5 6 13 11 3 7 3 11 11 8 8 6 11 2 7 4 3
2
41 551
164
8 7 11 4 11 5 8 5 3 1 8 1 2 9 1 8 8 8 6 12 2 6 9 9 7 3 9 7 8 11 7 7 5 2 2 4 6 13 9 4 12 12 11 7 6 12 3 4 5 6 8 13 9 2 9 13 3 11 2 6 3 9 5 1 1 4 10 10 7 10 7 10 9 1 10 5 7 5 2 5 5 9 7 3 8 6 10 1 6 3 6 6 7 3 12 11 6 3 5 5 7 8 2 10 11 2 8 11 8 4 3 10 12 5 11 6 1 6 4 7 12 8 5 3 4 4 3 11 11 11 5 10 11 7 9 7 4 8 9 6 2 10 10 4 12 9 4 4 4 12 1 10 8 1 5 2 8 9 1 9 8 12 6 3
194
9 4 2 9 2 3 3 3 1 2 6 1 3 9 9 5 7 10 7 2 10 5 1 2 3 3 4 1 9 8 10 9 1 11 6 8 6 9 4 10 4 7 3 7 6 3 10 2 5 7 9 6 3 5 1 3 7 10 5 11 5 8 7 10 7 2 9 9 7 6 5 5 4 2 8 9 6 6 10 7 6 9 5 7 4 9 4 2 9 4 8 4 6 1 6 3 2 10 5 10 7 9 6 8 5 4 5 1 7 7 5 9 7 2 4 6 4 5 1 4 8 5 9 4 2 1 8 2 3 6 4 9 3 8 7 2 10 4 8 10 6 11 10 1 9 9 3 6 10 1 5 11 4 5 3 6 7 2 6 9 1 1 10 5 8 1 2 5 8 7 2 10 10 5 2 8 6 7 1 8 2 10 7 6 4 1 5 6 4 8 1 6 3 4
86
10 17 8 6 7 21 14 21 20 13 19 14 3 6 16 17 21 12 18 4 3 17 18 21 13 22 17 21 11 19 23 9 16 5 14 9 22 10 17 8 12 21 3 12 3 19 11 14 15 10 12 22 3 8 8 22 3 12 20 14 12 22 23 9 9 19 2 10 15 4 10 1 9 1 21 15 15 17 15 17 21 5 5 13 14 7
151
1 5 3 10 1 9 7 3 10 9 7 7 9 11 4 13 3 10 4 7 7 9 4 12 13 10 11 7 5 14 1 13 5 2 4 13 12 11 11 11 10 3 12 2 4 11 11 12 10 5 9 13 12 13 5 8 8 8 5 1 1 9 8 4 9 2 12 3 1 8 3 8 10 4 12 9 6 13 2 7 4 9 12 4 2 4 12 12 5 3 6 6 2 12 5 3 5 10 11 4 12 3 8 12 4 6 10 5 1 7 12 7 5 7 14 5 12 4 1 9 1 11 2 8 12 3 13 3 6 2 9 8 5 3 1 8 5 6 1 7 12 4 1 7 12 8 1 12 4 2 9
121
17 6 8 4 15 1 5 6 8 3 3 15 9 15 2 2 17 9 15 1 1 9 1 6 11 13 6 6 4 3 12 4 17 16 14 8 4 13 14 15 8 11 1 10 12 12 4 3 3 6 6 2 6 16 1 3 11 11 5 8 3 2 2 1 11 3 10 8 10 3 6 14 7 7 3 6 8 14 2 3 15 13 8 8 3 12 14 1 13 13 15 6 17 10 5 10 5 15 4 13 15 5 9 12 9 12 3 8 4 7 1 6 9 4 1 3 14 3 16 8 1
106
13 10 10 8 3 8 17 5 7 19 5 7 11 9 15 11 9 17 3 8 1 6 5 8 16 13 12 5 14 3 17 14 15 14 15 18 1 9 13 15 8 13 9 1 3 5 18 3 1 16 4 8 4 15 8 13 13 7 9 16 2 18 3 4 17 3 8 6 6 13 7 4 14 3 18 10 1 10 4 6 4 17 5 17 11 4 16 3 18 2 3 18 6 17 5 1 2 8 18 17 17 12 5 12 11 11
7
275 36 36 159 15 90 102
118
11 9 1 13 14 13 10 10 7 6 3 5 1 17 15 4 4 8 6 15 8 8 6 10 4 8 11 16 2 15 2 3 12 2 5 11 17 2 2 16 17 4 10 8 1 8 12 7 15 10 9 14 6 5 2 12 7 15 9 15 6 13 8 8 11 8 13 1 11 4 11 15 14 2 13 16 9 17 10 15 15 8 3 10 14 9 3 5 12 16 4 6 10 17 4 1 8 13 13 16 7 5 4 8 4 9 12 17 10 5 10 13 2 13 12 17 1 13
19
67 75 28 51 91 3 81 23 63 96 40 15 80 35 96 53 52 38 58
97
20 15 13 19 4 1 20 18 17 13 13 18 8 13 4 3 6 10 3 1 19 15 18 2 20 6 16 3 20 10 6 6 6 16 2 6 5 17 4 8 17 20 16 2 6 4 4 13 15 20 14 17 11 17 9 20 5 3 6 12 14 7 18 13 16 20 4 15 1 20 5 16 8 12 7 2 6 15 4 6 3 19 18 9 18 21 19 2 19 5 12 4 19 11 10 16 5
57
19 20 20 7 26 16 26 4 22 30 20 34 23 20 18 34 32 27 9 5 18 2 10 3 22 23 28 18 21 23 18 16 22 30 2 27 3 9 32 35 5 6 22 19 6 31 27 15 12 28 30 21 11 8 9 25 21
154
12 5 5 11 2 5 7 9 4 12 6 11 8 6 3 2 1 10 12 11 8 11 10 2 11 8 7 2 10 6 3 5 2 11 3 11 13 9 9 10 2 2 8 6 9 7 3 5 5 10 13 4 5 4 13 6 11 9 7 9 6 3 13 6 13 4 6 7 1 13 13 13 9 9 6 12 8 1 3 1 10 10 6 4 13 13 1 7 3 2 4 13 10 5 9 10 10 5 4 4 3 2 1 11 12 1 9 8 2 13 9 12 5 12 11 12 2 11 2 1 10 13 7 7 13 11 2 10 12 2 8 4 5 4 4 11 1 2 3 2 8 1 12 5 4 8 2 9 4 6 10 9 1 8
