179
79
22 15 19 11 25 2 9 24 2 3 21 9 8 26 10 7 21 3 23 22 22 11 19 23 13 21 16 5 15 26 6 4 25 1 11 4 10 21 11 13 23 7 1 2 18 5 15 16 9 2 24 20 15 25 12 17 23 14 25 25 10 5 23 23 1 4 24 20 25 11 16 12 1 19 6 8 2 6 18
34
20 28 1 4 47 53 1 37 39 14 52 16 57 55 41 22 5 55 9 13 47 30 29 38 30 5 31 16 4 42 2 40 56 21
74
15 26 11 2 10 15 8 18 18 19 7 19 4 23 24 1 5 6 18 18 23 16 9 5 12 19 13 18 6 4 26 21 9 1 10 8 7 3 17 15 7 12 14 17 27 13 27 2 20 25 8 20 2 15 7 2 16 10 10 10 19 22 9 20 2 13 25 20 13 12 17 2 3 26
66
9 3 29 26 6 15 18 22 13 19 17 7 14 9 6 14 14 23 19 6 18 21 2 21 3 19 14 15 7 21 11 27 21 19 30 27 24 6 6 11 26 16 12 23 3 15 25 1 18 28 27 23 3 9 7 27 4 26 6 19 30 27 8 12 16 30
65
6 16 11 26 21 14 1 2 12 9 14 22 12 17 8 25 8 16 29 17 30 4 29 4 25 12 2 19 17 27 5 1 6 1 30 11 3 6 2 11 28 20 6 2 20 13 16 8 20 28 28 27 11 10 5 30 3 28 8 29 29 19 18 20 12
168
5 6 4 7 5 11 9 7 2 12 11 8 4 3 7 1 10 1 12 3 12 12 10 5 6 1 6 8 11 9 7 6 2 4 7 1 9 9 4 11 8 6 1 9 6 2 4 7 6 1 7 4 8 5 3 1 3 2 10 4 12 7 6 2 8 6 2 9 3 10 8 11 4 6 2 12 11 8 5 2 1 6 10 9 10 10 6 10 5 5 3 12 10 4 1 3 11 1 4 5 11 1 1 10 5 11 5 6 10 10 7 2 10 9 11 5 11 3 1 3 8 10 9 11 10 3 1 11 3 12 8 9 11 2 1 3 8 2 5 4 10 1 6 10 11 8 3 9 4 11 2 9 12 7 3 10 10 7 6 4 1 4 3 7 9 6 6 2
142
14 14 7 14 1 10 11 7 4 10 1 12 5 6 9 5 14 3 11 10 4 9 5 6 2 9 5 14 6 4 14 9 5 1 1 1 6 7 10 12 13 1 11 10 3 3 13 2 12 7 8 3 13 4 1 8 5 6 7 11 2 4 1 4 12 5 1 14 7 11 8 12 6 8 13 3 4 9 2 14 9 2 10 13 9 10 12 11 12 7 13 1 11 3 14 3 6 2 1 14 6 1 5 13 9 14 5 13 11 14 14 13 11 5 1 11 2 11 14 3 6 5 6 3 9 2 1 2 11 2 2 7 11 14 5 12 1 10 14 11 7 2
71
16 8 23 26 11 16 14 14 16 27 21 13 7 18 1 27 23 20 20 27 24 15 9 10 14 24 4 14 23 17 10 12 19 16 20 10 26 6 14 5 10 15 10 10 1 29 16 28 3 29 16 21 27 25 6 6 21 19 13 17 25 21 6 22 6 22 9 16 20 11 24
5
305 376 239 214 318
105
17 7 14 4 6 13 9 6 8 7 13 3 7 3 13 6 17 1 12 18 11 18 17 5 19 7 8 17 19 3 2 1 2 15 3 13 6 10 13 6 19 11 6 11 1 4 12 1 6 10 1 6 17 6 19 9 12 11 11 11 11 13 10 10 19 17 7 9 7 13 16 17 10 8 19 8 2 8 6 15 11 18 6 1 16 18 4 1 13 4 19 7 16 16 19 5 4 18 15 4 18 2 15 1 19
151
6 10 13 12 9 6 13 12 1 11 13 7 4 10 6 2 2 3 7 9 5 12 8 12 7 7 6 1 1 6 5 13 4 5 4 4 11 2 1 1 8 9 5 4 8 1 2 14 12 3 14 13 2 10 8 5 2 6 3 7 10 7 2 10 13 8 6 12 2 11 7 9 9 13 3 1 8 10 7 10 1 8 13 8 4 3 11 11 14 1 4 10 14 1 1 6 2 9 10 11 1 13 13 2 12 8 10 14 3 1 8 8 7 5 9 11 10 4 8 12 9 9 11 8 1 12 7 1 7 2 10 10 5 13 10 1 10 13 8 14 3 9 13 11 4 4 1 12 6 3 5
189
10 5 4 3 10 11 7 1 2 11 8 8 3 9 9 8 3 3 5 4 8 2 5 4 8 8 5 10 10 5 6 9 8 3 4 5 4 6 9 5 10 8 7 4 9 4 9 8 8 4 1 6 11 1 10 3 6 9 9 11 8 5 4 2 3 6 9 2 8 9 7 2 5 9 1 3 1 2 4 10 10 5 9 10 1 9 10 6 3 9 1 4 3 8 7 10 1 1 10 1 8 8 8 3 1 4 9 10 1 8 6 11 2 5 4 6 4 10 2 9 2 3 9 10 3 3 2 3 3 2 8 8 1 4 8 7 9 7 2 5 6 10 6 4 9 2 1 2 3 4 9 9 10 3 6 5 3 3 4 2 11 6 7 7 5 4 6 7 5 8 1 4 11 10 5 11 9 8 1 1 1 2 5 11 1 10 6 10 3
67
25 18 2 15 8 10 4 27 30 25 5 6 11 11 8 4 6 13 14 5 9 24 14 30 24 24 6 17 11 13 14 24 7 16 11 6 7 18 23 18 27 30 6 11 19 6 25 24 14 15 11 13 11 5 2 18 9 23 10 2 1 10 20 6 29 16 24
68
4 17 22 15 1 13 13 14 5 7 1 21 15 24 25 5 26 7 16 17 18 19 25 10 4 26 26 12 9 15 15 5 26 24 12 8 23 20 4 2 13 29 15 21 4 20 26 15 13 15 18 6 21 27 2 2 13 28 26 21 16 29 13 24 25 26 6 20
150
9 7 11 3 1 3 10 13 2 3 13 14 8 7 11 4 13 5 4 1 2 7 11 9 8 9 7 3 3 4 2 10 12 12 1 3 14 4 8 1 6 8 4 14 12 2 9 10 7 1 11 10 2 7 6 3 14 12 5 6 11 8 1 10 3 10 11 9 12 4 8 8 3 2 2 6 14 1 9 9 5 13 7 14 7 1 7 9 1 11 5 10 8 12 10 3 6 10 3 5 14 7 1 9 3 9 13 1 3 12 11 6 9 14 6 11 1 12 10 1 1 11 1 3 9 7 7 3 10 7 4 9 2 8 9 4 7 8 3 7 13 7 10 9 7 4 7 3 8 13
132
7 16 1 9 9 8 7 3 3 11 9 8 10 12 15 11 4 7 10 12 12 6 10 4 2 11 2 12 2 6 3 15 8 9 12 11 8 8 6 7 15 8 12 2 4 7 2 12 14 9 7 15 13 12 16 4 5 12 14 3 15 14 7 3 13 2 5 6 12 9 6 11 2 11 1 4 13 10 2 12 9 2 2 2 15 3 12 8 2 8 1 4 5 5 13 11 14 11 8 15 6 13 3 2 8 5 10 14 1 8 1 5 7 15 4 5 1 5 11 7 15 3 11 13 3 8 13 12 5 10 10 15
103
16 17 5 13 13 11 1 4 4 16 8 6 16 17 9 17 7 10 10 12 11 17 7 4 9 13 2 20 4 9 11 9 9 13 14 4 11 8 7 15 16 14 19 5 8 12 7 18 13 13 10 12 11 17 2 6 9 6 18 19 1 17 1 10 4 19 18 6 17 3 4 9 19 18 3 13 3 5 4 9 4 8 15 2 18 11 19 19 1 12 18 7 5 14 9 14 17 14 10 13 18 4 9
44
12 10 29 11 41 5 27 36 17 16 14 30 26 11 5 35 17 26 8 43 23 13 12 26 16 37 44 10 10 40 2 19 33 37 10 33 15 1 38 1 35 43 26 21
190
2 11 9 10 9 2 8 7 11 11 7 11 1 10 3 1 6 8 6 5 11 1 11 7 3 6 4 1 3 6 5 2 5 9 4 6 3 4 2 10 5 4 7 7 1 1 8 2 5 3 4 2 10 5 10 4 9 5 8 2 8 1 3 4 10 5 1 1 9 9 5 4 7 10 7 6 6 5 1 9 2 9 6 4 1 1 9 1 8 9 7 1 3 11 8 8 10 11 9 4 9 1 5 1 5 11 4 9 2 11 9 10 8 3 9 8 2 2 9 3 4 3 7 4 5 8 4 11 2 5 2 10 2 1 8 2 8 7 10 8 11 1 9 6 6 7 7 9 10 9 10 6 4 2 11 1 10 4 8 1 11 2 1 2 7 5 7 7 7 4 8 3 3 8 6 2 3 5 7 1 10 2 10 5 1 6 10 5 8 8
71
11 8 13 4 21 15 10 13 25 20 27 11 4 24 7 27 10 11 7 22 9 12 2 12 28 23 16 6 5 11 24 14 5 24 16 9 5 19 22 27 19 6 9 23 11 8 14 22 9 6 3 26 2 20 17 8 10 20 21 9 18 15 6 12 7 27 7 28 25 21 16
53
31 17 4 3 37 22 35 7 27 22 5 5 10 10 29 36 14 28 7 12 18 14 7 25 17 1 4 29 32 3 26 36 30 5 10 13 6 17 21 16 12 31 27 1 21 31 29 10 35 11 36 26 21
93
20 9 19 21 11 16 17 8 1 20 2 14 19 10 15 18 11 11 18 9 17 17 15 8 5 2 12 7 6 2 13 18 19 14 15 13 7 6 13 10 17 2 17 11 10 8 18 5 2 10 18 18 15 5 8 2 18 22 8 20 7 12 5 10 4 19 16 17 19 4 16 7 7 5 3 3 18 2 13 10 9 1 11 3 19 9 14 18 1 18 21 2 17
164
5 10 2 12 3 6 1 3 2 2 1 6 5 3 7 1 2 10 10 2 6 10 3 10 6 6 10 2 4 2 3 1 4 1 12 11 9 12 10 11 4 10 4 3 8 6 1 4 11 2 4 2 11 1 1 8 10 2 11 1 12 4 1 12 11 1 11 9 3 6 5 1 3 5 8 13 2 8 5 2 5 2 7 4 2 2 1 4 1 9 6 5 4 3 12 4 12 11 4 4 2 3 5 1 13 8 4 5 11 5 6 1 11 6 4 3 12 2 1 8 2 11 7 8 3 1 3 13 10 9 5 9 4 5 1 8 1 6 12 9 2 12 10 11 9 7 1 8 11 11 11 3 12 8 11 12 12 5 5 1 8 10 7 3
120
12 2 1 15 9 3 1 7 1 2 4 5 16 12 16 13 3 13 7 6 7 12 16 15 15 7 13 8 8 3 5 14 3 5 10 5 15 5 11 4 1 13 17 5 7 8 7 13 15 4 1 9 16 17 7 10 13 14 11 9 16 6 4 13 8 4 15 16 14 10 6 16 14 11 8 3 14 14 11 7 17 5 3 1 6 11 11 6 6 5 16 3 5 4 15 4 7 1 1 2 4 12 2 11 6 12 13 14 12 13 9 11 10 13 12 2 7 13 10 8
177
7 12 10 7 2 10 6 9 4 1 9 3 3 7 9 7 5 6 8 3 10 1 8 9 6 3 9 9 11 2 9 3 2 5 10 10 7 5 8 9 8 7 4 5 1 1 9 2 7 6 3 2 2 5 7 9 4 3 1 9 7 2 2 3 4 11 9 6 1 3 5 3 5 9 2 4 9 6 2 11 4 10 10 3 7 5 12 10 8 11 10 11 1 8 4 6 7 3 6 10 3 1 10 2 7 1 5 4 11 9 11 11 7 4 9 5 11 7 9 2 2 4 10 5 3 11 9 10 10 7 8 1 1 9 6 4 5 5 9 9 2 12 11 5 6 10 11 6 4 2 5 4 8 6 7 11 10 7 3 7 11 9 3 8 10 7 11 7 2 7 8 3 9 9 3 1 1
200
1 1 9 7 1 8 4 2 10 4 1 2 9 5 10 2 2 3 8 10 9 8 7 9 5 9 10 6 8 6 6 9 5 10 5 3 10 1 7 9 7 8 8 5 2 3 7 1 4 3 3 1 1 6 5 1 6 5 4 8 5 2 4 6 10 8 3 4 1 7 9 3 8 1 7 2 1 5 3 4 7 3 4 9 7 1 8 3 7 8 5 8 8 6 3 9 6 5 6 3 7 3 8 10 5 10 7 10 6 9 6 8 6 8 8 4 1 2 2 2 1 5 4 4 9 3 8 1 4 8 6 1 9 9 3 4 2 5 6 8 6 5 9 3 1 8 8 3 2 4 9 3 5 3 5 8 1 2 9 5 3 8 2 7 6 6 6 7 7 4 3 4 1 1 1 2 9 4 1 8 10 2 1 1 2 8 8 8 8 2 7 2 2 3 10 10 10 3 1 3
17
96 92 15 55 20 80 2 61 19 57 27 86 110 108 44 30 114
67
20 21 6 4 29 16 20 27 18 3 25 2 12 29 10 28 6 26 13 11 23 8 3 22 22 12 24 21 7 25 1 24 17 8 16 26 23 1 13 10 9 5 26 22 14 24 17 9 28 18 24 14 10 7 4 22 29 17 10 15 7 16 14 21 7 14 1
55
29 8 5 8 8 4 27 28 37 28 17 6 34 29 17 8 28 19 1 12 29 19 22 13 10 27 10 18 32 29 4 18 6 6 22 10 19 34 9 5 16 1 22 34 34 27 36 14 31 3 3 1 1 34 36
180
1 4 9 5 11 3 7 2 1 11 10 9 11 5 6 9 7 4 1 4 7 1 11 7 5 10 6 7 1 8 8 9 9 5 8 5 6 11 10 3 8 1 1 9 3 3 9 2 1 2 8 9 1 8 10 1 7 8 11 1 11 2 5 1 7 5 8 1 7 8 11 3 4 5 8 11 4 3 1 9 4 7 11 4 7 1 11 11 3 7 7 9 7 8 2 3 10 6 8 4 6 1 3 3 7 9 5 5 6 4 2 5 8 6 8 4 5 1 8 1 7 10 1 7 11 7 6 10 4 4 2 3 12 6 6 2 6 9 7 2 7 6 3 6 7 11 2 8 10 5 3 7 6 2 10 8 2 8 10 1 10 2 4 4 10 1 7 11 11 7 8 2 2 5 4 11 10 5 2 4
100
6 10 9 20 8 7 16 5 12 19 12 3 8 19 16 10 17 14 4 13 16 20 5 11 12 13 1 14 16 20 19 7 18 6 7 16 1 11 7 16 3 4 12 18 19 11 13 14 12 19 16 19 7 18 13 10 12 12 3 18 9 7 15 16 7 15 13 4 13 11 6 6 2 3 8 19 8 3 16 18 2 12 12 13 16 7 15 9 12 14 17 18 3 16 16 11 10 12 9 7
183
10 9 2 4 3 9 8 3 2 2 2 6 6 6 8 6 4 7 11 6 7 4 5 7 4 7 7 1 4 2 9 7 6 3 2 4 10 3 11 5 7 2 3 4 3 3 2 6 1 9 3 1 6 3 4 4 11 5 3 1 3 1 11 9 2 1 3 7 4 3 6 11 3 8 8 8 6 3 6 8 6 10 11 9 2 7 7 7 6 3 9 8 4 9 10 1 8 4 7 4 11 5 8 7 4 5 2 6 4 6 6 10 8 3 6 1 8 4 4 2 1 3 3 8 4 10 1 6 5 3 8 8 8 9 2 4 1 9 6 4 8 3 7 2 6 4 1 9 10 3 3 8 7 8 11 3 6 5 10 8 10 5 11 9 4 11 9 3 5 6 4 4 4 11 11 11 7 10 2 6 2 11 9
166
11 7 7 11 9 3 3 11 11 9 12 2 12 2 6 1 6 7 6 8 12 11 6 7 10 10 6 10 9 3 10 9 12 3 3 3 2 8 12 9 6 7 10 10 12 12 8 3 4 8 2 6 4 4 8 7 11 6 6 10 9 10 7 1 12 12 11 1 4 2 7 2 4 7 11 5 11 2 5 3 8 10 9 9 1 9 7 12 5 6 2 2 10 1 1 2 12 12 4 7 1 12 5 7 2 4 10 10 5 8 6 8 11 7 4 1 6 12 5 11 7 2 5 4 9 1 2 10 12 7 2 7 4 2 3 3 7 12 3 9 3 4 1 5 12 11 8 8 12 3 10 1 9 5 2 12 9 6 7 5 11 7 9 6 2 4
108
5 1 6 2 6 17 9 10 17 5 4 15 9 12 1 7 16 11 10 7 5 8 9 16 4 4 5 4 9 6 1 5 17 9 3 19 11 1 10 4 2 3 8 13 3 10 1 9 16 2 18 8 4 12 2 17 15 12 1 9 5 17 7 2 17 15 14 7 18 1 13 9 11 13 4 19 13 7 18 12 17 15 14 3 3 7 15 16 4 8 15 9 1 12 13 1 2 7 5 18 16 1 15 4 3 16 17 4
150
10 2 3 4 4 10 12 2 10 13 1 11 6 2 5 3 13 1 10 8 8 13 7 8 2 14 7 9 10 8 12 2 1 9 13 6 7 12 5 8 12 8 13 9 11 13 10 2 12 12 12 8 9 8 9 1 4 9 7 9 3 7 8 7 11 1 4 5 12 7 10 11 12 11 12 6 10 12 9 11 13 12 4 10 7 1 11 4 9 12 1 5 1 14 1 1 1 2 8 8 6 13 3 1 1 3 3 10 10 10 7 7 5 3 1 9 1 6 2 10 6 13 8 8 8 6 13 8 10 14 10 7 13 8 13 6 7 12 2 10 11 2 11 2 9 6 9 8 5 13
141
9 10 8 12 2 14 11 10 11 14 13 10 12 10 5 10 1 14 13 3 1 14 3 2 14 1 14 6 8 13 10 4 10 13 1 8 6 11 5 12 13 1 10 15 3 8 6 3 7 8 7 4 10 6 1 11 15 13 3 11 14 7 3 14 6 7 10 5 9 14 14 13 10 12 3 14 4 2 2 2 10 1 4 12 13 9 10 3 10 5 11 14 9 4 4 7 3 7 8 13 7 14 10 6 8 10 6 9 8 1 13 3 9 6 2 7 5 15 5 13 10 5 6 14 7 9 8 9 10 2 5 5 8 5 13 9 3 7 4 9 1
151
4 3 8 10 8 10 7 7 8 4 3 13 11 3 12 3 8 9 6 9 8 7 2 3 5 12 8 8 7 13 2 7 11 5 9 11 7 8 12 7 2 8 1 4 6 4 10 13 1 5 12 2 13 9 3 1 3 12 10 2 9 1 11 2 10 1 11 1 9 2 13 2 13 6 6 8 7 3 9 4 2 13 7 6 2 4 5 4 8 6 6 3 12 3 12 6 11 9 9 5 12 12 2 3 1 10 7 10 9 11 8 2 7 12 9 10 4 9 5 5 8 8 10 6 10 1 3 9 3 1 10 9 13 2 11 12 13 9 1 7 5 6 8 13 13 7 9 8 3 2 9
58
3 12 26 16 25 7 20 25 25 23 23 2 3 20 14 6 3 14 11 21 10 24 33 3 17 10 1 18 26 11 20 7 27 30 9 1 24 10 32 35 5 17 26 3 17 13 28 34 22 28 8 20 11 25 31 5 30 5
70
6 17 8 29 10 6 21 24 3 20 11 26 8 3 7 4 24 23 14 12 22 2 5 7 28 1 22 8 26 27 24 5 12 21 23 9 26 3 8 13 24 11 19 13 2 9 9 5 14 6 19 12 19 4 13 28 24 28 16 10 8 16 9 13 9 20 27 19 14 25
93
21 8 20 1 18 7 4 1 16 13 7 1 21 21 6 13 16 9 1 14 15 2 17 9 6 7 17 6 11 9 22 8 7 16 11 5 19 5 20 18 15 10 14 16 16 6 17 3 8 20 9 13 2 19 9 19 16 13 20 10 10 16 12 11 16 8 21 19 15 3 6 9 18 1 15 18 4 3 4 9 11 11 8 4 18 17 4 14 19 4 22 10 19
170
8 7 4 1 5 1 9 2 6 1 2 9 4 10 5 1 6 6 5 2 9 11 9 12 4 8 1 12 6 4 2 3 11 10 11 1 7 6 5 4 8 10 10 1 4 5 5 3 9 5 8 10 11 6 4 4 9 2 3 6 6 3 9 4 5 6 5 10 1 3 11 4 7 3 9 7 1 1 12 1 3 1 1 10 11 12 11 9 4 4 7 6 5 9 1 8 1 5 5 11 12 6 4 3 9 7 9 4 12 3 3 11 7 10 3 3 4 6 2 12 10 9 4 8 11 6 4 5 1 12 3 2 2 3 1 4 2 4 10 5 12 4 4 3 6 4 8 11 12 11 3 2 2 4 11 5 6 10 4 2 4 5 2 4 10 9 3 1 9 11
70
22 20 14 20 15 7 20 7 21 19 12 14 2 5 1 14 22 11 16 1 15 23 16 19 7 22 12 25 27 28 20 5 2 11 20 1 26 20 10 9 20 16 8 22 21 25 16 1 9 9 25 13 25 12 25 10 3 13 24 10 13 6 16 4 24 4 4 5 13 29
45
33 6 15 21 39 7 37 28 29 18 43 6 29 18 42 10 32 35 25 33 28 28 40 17 32 30 24 16 4 26 11 3 42 3 5 2 6 39 32 12 38 22 41 42 29
135
10 6 1 6 3 12 13 4 15 7 1 11 6 5 8 11 15 5 8 3 9 8 6 5 11 9 9 6 7 2 13 13 7 2 3 14 14 13 9 10 1 15 15 12 6 2 2 2 8 11 10 13 7 6 11 10 14 7 2 14 9 12 6 1 1 7 12 8 10 15 4 2 8 7 13 11 15 12 11 15 5 5 11 5 7 5 3 6 11 14 15 5 6 5 4 7 2 4 6 10 11 14 14 6 11 14 14 8 2 9 15 12 14 2 7 12 10 10 8 2 13 4 4 1 3 3 7 4 1 7 5 2 15 12 4
65
5 22 11 7 31 23 11 19 22 22 5 16 12 27 21 24 9 24 20 7 5 4 29 3 2 12 14 18 29 3 27 12 1 12 1 22 1 9 1 8 19 16 2 16 24 27 10 15 24 29 15 18 30 13 25 28 24 18 9 25 25 16 25 27 24
141
9 8 3 6 13 5 14 1 5 9 1 2 5 1 5 1 7 12 4 2 4 2 6 5 3 14 1 7 1 6 10 15 9 13 5 14 12 1 9 11 9 6 6 8 11 12 7 3 12 10 5 3 6 1 5 3 5 3 13 7 5 14 4 12 12 12 7 2 12 9 4 12 1 5 13 1 2 3 8 3 9 5 5 12 4 3 8 6 5 14 9 9 14 14 3 1 6 7 5 11 1 1 2 3 14 9 3 9 14 5 1 6 5 3 3 8 14 14 14 11 12 5 3 1 12 10 13 12 6 5 13 6 10 3 4 3 7 3 8 14 7
106
16 4 16 4 10 17 7 14 16 18 9 14 3 8 16 9 5 11 16 15 7 15 4 11 2 18 8 19 14 1 1 19 4 6 15 10 11 16 7 10 17 14 5 14 2 16 17 8 13 16 4 3 8 16 2 1 4 2 5 9 18 12 17 2 16 1 4 18 3 10 2 17 17 10 5 2 3 8 6 16 13 18 6 13 5 3 9 1 15 10 15 1 12 6 17 9 1 12 1 14 2 7 5 1 1 8
106
19 18 16 3 8 5 2 3 10 3 14 18 8 15 11 14 18 15 16 19 4 11 13 12 8 16 10 16 17 15 18 15 5 1 11 14 9 7 8 13 3 5 12 17 9 14 1 6 1 18 14 1 14 17 5 5 18 1 15 1 16 19 12 19 3 4 12 10 3 15 2 9 9 12 2 15 18 8 16 6 19 14 2 15 15 3 13 11 3 7 12 6 5 11 4 6 4 16 8 13 18 18 1 18 18 8
77
5 17 16 17 12 17 20 21 22 7 9 2 1 17 16 1 26 7 25 19 17 1 8 18 1 21 14 15 18 18 9 16 2 2 23 14 16 25 2 23 20 16 7 16 17 17 19 8 26 13 17 10 21 17 13 7 16 3 9 25 26 5 7 1 14 6 17 8 22 18 22 8 6 24 4 24 10
143
7 4 13 2 7 4 2 1 14 4 1 1 4 9 12 1 2 2 14 4 8 8 5 9 13 8 13 9 6 7 6 8 11 3 10 5 14 2 13 13 13 6 1 4 1 14 7 2 4 13 11 3 4 10 3 10 9 4 10 5 4 12 14 6 8 5 9 7 14 1 5 13 7 14 3 10 14 14 12 8 7 9 14 3 12 9 2 14 2 3 10 5 3 4 12 1 10 9 12 7 7 7 8 5 1 5 8 11 12 12 6 13 1 10 4 11 8 10 8 8 7 9 8 2 11 7 2 7 2 2 6 8 11 6 3 11 8 2 10 11 11 4 8
15
126 99 76 84 48 53 22 52 53 101 28 49 119 67 8
180
9 6 3 8 3 4 9 4 7 1 3 11 7 9 3 2 12 4 2 1 11 5 5 8 5 8 8 5 9 4 8 5 9 11 6 9 5 5 9 10 1 8 11 1 4 3 10 5 10 7 5 7 8 1 9 1 9 11 2 9 3 9 7 7 2 4 9 10 4 7 8 8 5 9 3 11 7 4 8 6 8 3 5 10 3 6 4 9 9 4 10 4 10 5 10 2 5 11 9 10 6 3 4 10 7 8 9 10 4 2 2 1 2 4 10 11 3 6 10 2 5 8 2 5 12 11 3 7 1 8 10 2 8 10 8 9 10 6 6 8 6 3 2 7 7 6 3 8 8 6 5 3 11 2 1 4 10 4 4 1 2 1 2 11 3 7 6 8 6 9 3 10 1 3 7 1 2 3 5 11
85
23 8 9 14 15 7 18 14 5 16 5 2 14 7 1 11 13 16 1 17 21 23 15 21 8 18 9 20 4 4 14 11 14 8 10 23 11 4 1 21 12 16 10 9 1 9 11 20 7 10 10 6 5 20 22 1 6 17 1 7 10 16 23 16 3 3 6 13 8 3 18 19 6 8 24 17 6 20 16 18 1 9 1 10 1
102
8 1 5 4 20 17 14 10 18 9 19 15 10 11 9 18 2 2 6 15 10 8 7 7 2 5 11 14 7 1 8 7 16 13 11 17 17 3 18 19 19 4 5 12 16 2 12 5 10 10 10 4 6 1 16 4 9 6 4 19 12 7 19 14 8 8 13 20 12 8 5 15 4 8 15 11 8 15 4 11 12 9 18 15 1 15 16 12 1 6 13 17 19 19 1 17 8 14 11 5 1 10
33
8 8 1 17 43 19 49 58 26 12 25 7 28 48 35 21 55 6 33 58 50 8 54 39 51 50 57 24 46 41 47 16 38
77
12 4 9 20 6 15 4 24 3 5 24 15 21 10 12 14 5 10 1 23 16 4 8 19 21 19 22 12 9 5 12 5 9 16 13 3 9 3 13 16 16 3 16 19 10 10 2 11 12 21 16 16 14 11 1 23 26 16 20 19 1 2 16 13 8 17 20 17 16 7 18 20 8 22 10 25 18
173
5 4 5 11 8 4 1 3 2 9 11 5 7 12 7 7 6 3 4 10 11 9 8 11 5 10 10 1 7 1 10 7 5 11 3 11 12 11 7 8 6 1 7 1 4 6 2 6 11 2 10 5 3 2 1 7 2 7 9 9 4 5 7 4 7 6 11 1 5 2 9 6 11 6 7 9 7 9 5 7 2 4 1 4 8 8 9 10 10 8 7 1 6 3 11 8 9 8 5 11 11 3 11 2 12 6 12 10 4 2 8 6 11 7 8 12 10 11 7 3 8 2 2 1 3 12 1 9 10 12 4 4 10 2 6 9 11 5 3 11 4 10 5 7 2 5 2 3 11 8 11 10 10 8 9 11 8 9 3 12 4 4 7 6 7 9 11 7 12 11 11 4 8
144
9 2 8 5 9 1 1 10 12 2 5 13 3 10 4 5 4 10 13 8 4 1 5 3 3 7 1 14 12 1 6 4 13 6 10 11 4 2 2 8 5 8 3 8 8 5 14 4 4 7 8 10 10 11 6 3 8 12 3 14 10 12 2 9 9 7 4 5 3 8 1 13 9 5 13 14 3 8 3 10 12 3 13 4 5 13 9 14 3 6 11 6 9 5 14 4 9 10 13 3 4 5 8 13 10 5 10 2 13 4 6 2 3 3 2 5 11 8 2 7 7 13 3 3 6 9 11 2 9 13 8 10 9 12 11 6 14 12 9 10 11 3 6 8
83
6 11 2 7 24 19 14 23 3 21 17 22 9 21 15 7 21 22 12 23 18 18 18 14 13 4 3 8 4 22 13 23 9 20 22 2 11 4 12 18 7 8 22 4 22 21 11 9 23 3 5 6 4 15 21 15 24 2 17 16 6 18 8 23 9 9 10 6 13 20 17 2 20 22 21 20 10 17 7 1 15 15 20
184
5 9 4 5 1 8 1 8 4 7 5 4 6 5 9 2 10 3 1 6 11 10 3 6 11 11 6 10 11 9 10 6 6 2 7 4 7 7 9 1 4 1 1 8 10 9 5 10 5 8 8 6 5 9 6 3 1 8 2 9 11 5 1 4 6 8 7 10 3 9 3 8 7 11 3 4 11 3 10 7 7 1 5 1 1 8 11 1 7 1 5 1 5 4 1 4 2 1 10 4 11 7 9 5 9 11 8 8 7 10 4 11 10 6 7 2 10 8 11 5 2 11 4 11 9 2 5 7 8 3 11 3 10 5 5 6 8 3 1 9 10 10 7 6 4 5 8 4 10 7 3 11 11 1 10 8 5 3 8 8 2 3 1 11 7 4 1 2 9 9 7 6 6 2 4 6 1 2 10 5 9 2 1 1
121
14 2 14 11 5 15 2 10 15 6 8 3 15 11 7 10 13 13 5 11 4 11 3 7 14 3 7 13 13 4 10 16 10 17 11 11 3 2 13 6 1 10 1 1 5 7 17 14 6 15 6 16 2 1 13 5 4 13 13 15 6 5 15 16 13 7 17 13 7 1 10 1 14 2 14 15 2 3 4 3 5 7 14 5 4 2 10 15 2 10 13 1 11 6 6 14 16 9 8 11 3 6 3 14 11 12 5 12 16 3 4 10 10 1 2 17 15 9 10 14 2
20
37 34 100 5 24 13 92 14 33 82 41 69 92 69 83 13 79 33 93 61
168
8 7 3 5 10 2 9 2 6 8 9 7 5 9 12 2 8 8 6 7 8 10 10 4 3 10 1 8 8 12 9 2 5 3 9 8 10 7 4 1 1 9 9 7 8 2 6 2 2 11 4 11 3 5 8 2 4 5 4 3 12 4 11 1 7 3 8 9 5 1 12 7 11 7 2 10 4 8 3 9 6 2 12 11 11 10 12 8 10 9 11 11 3 7 6 9 5 10 7 12 3 12 8 3 5 1 6 1 12 1 2 8 8 2 1 1 4 12 5 3 4 3 7 2 10 2 9 10 11 10 6 2 9 10 6 11 8 9 8 6 2 5 1 12 4 12 1 9 3 4 1 10 12 3 2 11 2 6 2 7 4 6 12 6 7 4 10 5
185
6 4 5 9 9 7 3 4 1 1 7 7 8 11 9 5 10 9 3 2 2 1 7 8 4 11 5 2 8 7 6 7 3 6 9 8 10 11 9 3 9 10 5 10 10 4 5 8 8 4 1 6 8 5 11 9 10 9 3 3 6 2 11 9 2 4 2 1 4 8 4 10 1 3 7 9 1 10 11 8 6 5 4 6 8 11 2 10 10 7 11 3 4 10 3 3 8 11 4 8 4 7 2 11 6 2 7 10 11 5 4 3 8 11 4 5 6 7 5 6 9 1 1 5 2 1 3 8 2 1 2 7 10 8 3 1 10 11 1 3 9 3 5 6 1 6 7 11 8 4 10 1 6 1 6 5 6 4 3 6 1 7 6 4 1 4 11 3 2 6 3 1 11 3 9 5 7 6 6 4 5 6 4 9 3
13
56 31 87 25 147 125 140 131 133 5 87 77 93
120
14 8 17 11 12 14 7 15 9 8 12 16 7 3 14 11 17 11 2 2 8 13 1 11 8 2 12 3 4 7 17 8 4 14 14 9 1 10 5 12 2 10 8 17 5 10 11 2 8 4 13 7 8 12 4 2 7 15 1 14 17 8 2 8 12 8 4 17 5 1 9 1 1 1 5 4 6 14 12 5 2 6 2 1 7 4 16 8 7 7 7 4 12 9 7 4 14 1 15 4 3 8 17 7 7 8 14 14 9 4 6 10 13 16 3 13 8 14 1 15
10
104 170 32 116 124 126 27 135 181 56
191
9 1 7 9 1 2 9 8 3 6 4 1 4 11 3 4 8 4 5 6 6 1 1 7 2 6 10 3 6 2 1 1 7 2 8 6 3 2 7 3 1 1 7 11 1 4 10 2 4 3 10 8 6 4 1 9 5 1 10 8 3 5 3 3 10 7 1 5 9 5 7 1 10 10 9 3 2 5 3 3 2 7 7 6 2 1 2 10 9 8 10 9 9 8 7 9 6 1 1 11 1 8 10 6 2 2 8 5 6 8 4 2 6 4 11 9 2 8 1 4 4 10 4 8 10 9 7 3 1 11 8 8 4 7 9 5 3 10 3 4 6 10 8 7 4 6 8 1 4 3 7 6 8 11 4 3 10 3 11 1 8 10 5 3 10 3 3 2 8 8 5 9 5 10 10 3 11 3 3 1 5 10 4 1 3 9 11 7 7 1 6
31
50 62 65 6 58 47 9 4 5 57 27 36 28 47 6 41 17 14 5 39 54 62 19 1 33 65 59 8 27 44 47
145
4 10 6 2 13 11 7 9 10 12 3 10 3 2 12 5 1 1 4 2 10 5 8 1 6 8 12 2 13 1 11 2 9 3 4 6 10 5 6 11 7 14 10 12 12 9 12 11 5 1 9 10 10 4 3 8 3 11 5 6 3 11 11 6 6 7 12 8 2 12 7 6 7 7 7 7 5 9 10 4 7 6 8 3 10 9 14 3 13 1 5 14 8 13 13 7 8 5 8 8 5 3 2 2 13 5 8 2 2 8 14 14 4 1 5 8 10 1 4 10 11 1 11 7 12 13 4 12 3 8 9 13 12 9 1 4 2 8 4 3 10 4 2 2 5
52
12 5 9 3 5 3 31 2 24 12 36 36 9 1 28 21 35 19 15 27 2 35 38 14 29 18 21 37 11 29 22 8 15 29 27 15 18 33 39 38 36 6 34 33 16 24 26 17 26 4 34 9
126
4 5 14 10 9 2 12 3 4 3 2 13 16 8 1 7 14 8 9 5 8 5 16 1 3 3 3 14 3 14 14 6 15 8 11 1 16 5 15 11 5 3 3 16 4 2 13 1 15 1 8 15 16 11 13 1 2 2 7 5 16 14 4 11 11 5 9 14 9 9 13 9 11 16 13 6 16 2 11 4 5 15 3 11 7 7 15 4 10 7 11 5 2 9 14 8 15 6 4 16 3 2 7 2 3 16 13 13 3 10 16 16 16 6 7 5 6 16 16 13 12 16 7 1 10 12
95
1 7 13 2 1 3 8 8 18 12 14 2 20 6 18 11 9 13 11 20 14 11 13 19 11 2 14 20 4 20 12 14 4 18 1 4 17 17 19 20 3 8 19 16 19 17 10 19 16 9 1 15 16 14 11 21 7 12 20 12 9 9 21 8 9 16 16 19 20 12 12 7 8 14 2 18 5 3 6 6 13 20 5 4 5 13 11 8 1 21 14 20 21 4 21
110
12 14 2 2 14 18 4 8 4 10 1 18 10 13 10 12 17 3 5 14 16 18 16 2 6 3 6 12 5 7 1 5 19 18 6 17 13 15 4 18 15 16 9 18 4 2 7 11 9 18 16 17 8 15 10 7 13 14 14 17 9 1 2 17 15 1 16 15 4 1 9 4 2 10 13 15 16 3 16 2 14 17 4 10 14 8 10 8 4 15 1 18 16 15 10 9 5 14 7 10 19 8 2 16 19 9 8 7 6 15
120
12 16 3 14 8 13 13 15 10 12 13 13 10 6 16 11 5 8 7 7 1 10 8 9 15 14 3 15 4 14 4 13 8 2 10 5 4 9 10 6 2 10 17 9 8 12 12 9 9 8 11 7 1 7 11 3 3 13 12 8 10 16 5 2 10 14 15 5 15 10 8 12 9 16 8 3 15 4 5 15 4 6 13 10 9 5 8 16 3 7 6 1 13 2 13 15 3 9 6 5 3 10 2 16 12 2 9 2 5 11 6 7 3 13 1 9 8 15 14 14
60
16 27 22 4 19 17 26 3 20 17 23 30 5 20 16 13 21 12 16 2 14 18 24 19 12 8 11 23 18 9 20 26 29 34 7 30 28 12 18 4 12 2 32 13 24 15 19 18 14 16 33 22 26 22 20 14 3 10 4 12
63
26 17 31 28 9 19 3 5 24 15 26 8 14 29 20 9 10 27 14 21 3 7 27 18 17 32 15 29 18 14 19 25 14 22 11 9 1 20 13 7 14 27 17 7 12 16 27 16 25 17 15 4 28 31 9 5 20 5 23 3 11 27 13
200
6 2 4 10 7 7 9 4 3 4 8 3 9 8 9 9 6 4 3 1 6 10 5 8 7 7 7 8 6 10 7 8 5 7 5 10 2 4 10 10 7 2 10 4 6 1 6 2 8 8 5 5 10 10 10 1 5 5 10 5 4 7 9 9 7 6 10 9 4 2 5 10 8 5 8 8 7 3 7 1 10 10 9 6 3 3 10 6 1 2 3 8 1 3 3 6 5 5 10 3 7 5 4 3 9 3 3 10 9 6 8 7 3 10 9 10 6 10 8 2 4 9 3 8 9 1 5 3 3 10 9 2 10 2 7 2 6 9 2 3 7 8 3 4 3 10 4 5 6 9 3 7 3 6 7 5 3 1 8 7 2 10 6 1 5 7 6 1 2 7 9 3 4 5 2 6 5 5 10 4 10 10 3 1 8 9 6 10 6 10 4 7 6 9 6 3 8 8 6 3
84
5 1 3 21 22 8 16 1 19 13 5 21 19 11 20 9 2 16 18 23 8 11 9 20 6 19 17 11 7 8 3 24 1 8 11 21 15 19 5 2 12 11 4 11 14 7 17 20 21 9 6 13 19 2 11 11 17 4 17 7 5 21 10 13 4 21 9 11 19 11 17 18 17 8 13 7 22 5 24 21 1 6 12 9
145
2 9 4 4 9 10 13 1 1 3 13 14 4 8 11 4 6 5 7 1 12 7 13 9 9 7 3 4 12 7 12 14 2 5 5 7 6 5 8 2 5 4 14 13 12 1 4 11 7 14 9 1 5 9 13 8 14 5 7 8 1 2 12 2 1 14 12 7 3 13 2 5 13 12 2 4 6 10 4 10 10 2 9 14 11 14 6 14 8 3 7 4 12 7 12 13 7 6 4 6 4 4 7 10 3 11 6 12 12 9 7 10 4 4 6 9 5 11 5 3 8 13 8 12 10 6 3 10 1 3 5 13 1 11 14 4 8 12 3 7 4 12 8 5 14
143
12 10 11 2 8 1 5 8 9 7 12 12 1 2 1 4 10 3 12 4 5 3 8 2 3 6 13 2 7 14 9 6 9 11 9 1 12 3 3 14 14 6 3 14 4 13 7 11 1 4 5 5 9 12 13 8 6 7 3 11 10 2 7 2 1 10 12 11 8 6 11 1 8 7 10 10 13 6 12 11 4 6 6 2 4 14 1 4 9 13 11 8 5 8 12 12 10 1 2 13 4 3 11 11 4 12 12 11 12 2 3 1 8 3 5 14 4 9 7 10 6 11 14 7 4 2 1 5 7 6 5 1 6 9 7 8 10 4 5 6 14 11 14
104
2 9 17 4 17 8 14 10 5 5 7 19 12 13 10 16 18 14 4 13 3 19 5 18 10 19 17 13 8 16 16 8 9 19 4 5 6 6 10 3 15 11 10 10 6 15 4 6 5 18 1 18 19 14 6 16 5 3 17 19 8 16 3 2 19 14 19 6 7 19 1 8 8 16 4 3 8 4 8 12 8 2 16 19 2 17 1 5 1 18 1 13 11 10 2 4 5 4 17 10 18 5 9 12
93
4 5 11 8 20 16 16 20 1 4 2 2 6 15 9 4 17 5 10 12 11 14 11 12 6 9 14 3 19 12 8 14 17 1 15 8 15 7 5 10 6 20 7 9 13 8 10 11 13 7 12 7 15 12 19 4 12 15 21 7 13 13 16 13 1 7 3 21 12 6 10 1 20 10 8 1 7 1 8 15 18 10 12 11 10 10 19 19 20 20 16 16 19
26
16 66 58 54 8 8 11 72 11 59 33 5 23 32 72 55 17 11 50 47 46 39 53 34 69 55
195
7 1 4 7 1 2 11 1 8 6 1 4 2 6 6 1 9 10 1 7 10 4 3 9 2 9 6 3 6 3 4 1 9 3 11 11 4 1 2 8 3 9 4 6 9 7 5 4 1 9 1 3 9 7 9 9 7 9 9 7 8 2 9 7 10 2 2 2 7 11 8 10 10 7 2 5 2 10 3 4 7 9 9 3 2 7 9 3 4 5 10 3 8 4 6 2 2 3 4 4 8 3 8 6 5 5 11 1 5 1 5 8 3 1 5 1 6 2 5 3 4 2 7 11 9 2 6 4 5 9 2 8 6 4 3 7 2 7 7 9 8 10 2 1 10 4 8 10 10 7 10 10 3 4 1 3 10 10 5 5 10 5 11 7 4 10 11 9 6 5 4 7 5 10 1 2 10 3 9 8 10 8 10 4 1 5 1 3 6 9 4 6 5 7 5
132
13 10 14 7 5 3 5 9 14 12 12 2 9 4 10 14 7 2 12 7 6 4 14 9 7 11 9 7 13 15 14 7 14 5 1 1 4 2 8 8 5 7 9 4 15 15 5 15 14 7 10 1 13 9 15 11 5 11 2 1 15 6 10 13 8 3 6 2 12 1 6 6 3 4 15 9 2 2 1 4 4 13 14 12 14 3 15 5 12 10 9 15 2 10 14 9 16 10 1 4 3 13 13 2 5 13 16 6 4 7 2 3 11 4 1 8 9 1 7 12 2 15 4 2 13 14 4 2 9 9 7 8
150
14 6 8 10 1 13 12 11 5 3 8 7 3 8 5 5 6 10 4 13 1 3 10 4 5 13 8 4 8 2 13 9 8 6 5 12 4 9 7 11 12 13 4 1 2 1 2 10 11 12 4 6 2 4 11 1 5 9 1 3 10 4 12 11 1 7 14 7 13 12 12 11 1 13 2 1 9 1 9 1 7 1 14 7 12 5 12 13 7 2 11 5 5 9 3 10 1 11 12 9 12 1 3 13 5 5 4 7 9 8 1 6 10 13 4 4 2 11 10 3 4 6 11 3 2 2 8 5 1 12 10 2 12 10 11 11 8 1 4 9 1 11 4 11 11 5 9 6 6 1
191
8 7 10 3 11 9 10 7 5 11 2 2 8 6 5 11 6 10 1 1 11 3 1 2 3 1 8 7 3 9 8 1 6 10 2 4 1 11 6 4 9 7 9 9 2 5 3 3 9 1 8 1 8 6 9 2 11 5 1 6 2 4 1 9 10 1 2 7 6 5 8 10 4 8 8 8 8 8 10 4 1 9 11 11 6 3 1 1 6 1 4 9 11 1 5 9 4 5 4 9 10 7 2 1 7 7 2 7 6 11 7 6 1 3 7 5 2 9 8 8 11 10 4 8 3 3 7 3 3 1 3 8 2 9 11 1 6 2 8 7 1 1 7 1 1 6 8 3 1 1 3 9 2 9 1 1 7 11 4 2 2 8 10 7 11 7 1 6 2 10 7 4 2 8 10 8 5 6 3 1 8 3 11 3 2 5 3 3 5 8 5
162
5 6 6 5 8 1 6 1 11 1 12 8 11 10 4 10 6 9 1 5 10 9 3 9 11 11 6 7 9 7 3 7 6 7 12 5 4 12 5 12 8 7 2 4 1 5 9 4 4 3 10 5 12 6 4 2 3 10 4 9 10 5 3 13 4 2 2 8 5 11 8 12 6 9 5 10 5 2 7 3 10 12 12 13 7 11 1 12 10 4 10 9 6 8 12 11 9 9 6 5 3 6 8 8 5 10 11 9 6 13 1 1 10 8 7 1 7 8 2 9 4 11 12 13 5 5 8 1 9 8 1 10 1 1 10 3 4 7 10 2 6 5 9 4 5 4 1 9 1 1 2 8 3 8 1 9 7 11 5 4 13 9
60
10 16 7 9 2 15 8 15 20 24 34 28 13 5 8 14 14 6 11 3 3 1 29 3 29 5 1 28 17 2 2 9 22 22 21 7 27 14 7 34 21 7 14 18 29 28 20 12 9 34 9 21 30 2 25 5 7 21 4 30
113
8 17 12 13 12 6 5 2 14 8 3 15 15 17 15 1 13 13 7 14 15 18 4 8 8 17 8 12 17 12 4 14 9 5 3 5 11 11 7 11 16 3 5 17 14 4 9 16 9 17 9 14 6 4 8 6 11 11 14 12 1 5 6 8 11 1 16 2 9 2 12 18 13 12 15 14 16 16 18 13 8 6 12 7 4 16 6 3 12 8 17 1 18 11 5 13 16 1 10 11 4 13 13 14 5 9 6 12 18 5 10 9 18
199
9 4 2 2 7 2 7 1 5 5 8 3 1 2 2 9 4 1 9 3 5 10 8 3 2 10 4 7 5 9 7 10 1 5 4 6 2 2 8 2 6 2 3 7 9 6 8 9 4 3 2 4 4 8 6 8 3 5 1 8 10 4 5 10 2 9 6 10 4 7 10 9 1 6 2 2 2 7 5 4 7 6 1 1 9 10 3 7 9 4 1 3 3 2 5 8 2 2 6 10 8 6 5 3 2 4 7 6 8 6 3 1 3 8 3 3 1 1 6 2 6 8 3 2 3 6 10 10 7 3 7 3 6 5 4 6 5 8 4 4 3 7 6 3 5 4 7 9 4 10 3 9 6 2 3 5 6 7 10 9 2 8 4 9 1 9 10 10 8 4 7 8 9 2 2 9 10 3 4 1 1 8 10 3 3 1 5 8 6 5 2 9 6 4 7 10 7 5 1
30
36 9 43 54 33 32 8 16 65 19 12 35 62 2 61 7 30 55 3 39 24 19 49 56 64 7 39 52 20 8
186
4 3 3 6 9 3 9 1 3 3 10 11 9 2 8 2 7 5 7 1 8 8 1 11 9 6 3 1 10 10 9 6 7 2 10 10 9 9 11 11 5 1 2 1 5 9 9 6 2 3 10 11 1 11 8 1 9 2 4 1 4 4 4 2 9 11 5 2 7 10 2 2 6 5 9 2 5 8 1 10 9 4 3 6 9 5 3 1 4 4 6 8 7 11 10 7 7 1 9 1 2 10 8 2 8 7 2 5 5 7 8 10 3 9 2 9 7 8 9 9 10 1 5 3 7 8 4 6 11 4 11 2 10 4 9 5 2 8 6 5 3 6 9 1 11 10 9 7 6 6 10 11 1 1 2 7 5 8 3 2 2 11 1 2 8 6 3 1 8 10 6 10 5 6 6 7 3 4 5 10 5 11 6 6 1 5
94
16 18 16 22 20 8 14 5 19 20 16 19 5 11 16 3 2 7 10 3 15 11 3 10 3 3 4 18 5 6 13 4 21 9 6 3 1 18 14 8 9 14 1 8 7 4 12 14 20 17 9 4 9 15 13 10 2 21 4 19 4 11 9 2 14 4 7 3 9 4 13 17 14 22 12 6 3 5 3 19 8 5 15 4 8 6 1 2 17 17 7 6 12 11
24
72 12 38 28 37 1 55 82 45 5 23 1 36 69 71 50 41 11 54 15 79 33 34 62
154
9 10 3 12 7 4 12 5 6 7 12 11 12 2 7 7 13 3 10 2 12 11 11 13 9 7 12 9 1 2 5 3 7 8 7 10 10 6 8 12 5 13 7 4 13 8 4 6 5 3 12 4 6 12 2 8 1 9 3 3 8 7 11 2 1 8 5 11 1 8 4 6 10 4 6 2 12 6 6 2 12 3 8 9 1 5 3 2 12 5 5 8 6 12 8 6 9 6 5 12 1 12 7 13 11 10 1 3 3 3 8 3 9 10 10 12 1 1 2 1 2 2 9 8 10 6 12 7 2 10 13 1 5 2 8 5 7 1 12 11 13 9 13 6 11 9 3 9 13 3 9 8 11 12
173
11 9 1 2 9 6 7 8 11 7 10 7 10 4 3 9 5 4 12 5 6 1 10 5 9 11 6 7 12 8 3 6 5 7 7 1 4 1 8 6 2 5 1 12 3 3 4 4 3 3 10 11 4 3 7 4 1 12 5 2 6 3 10 3 10 1 1 4 3 5 4 2 7 1 1 2 11 12 5 1 6 7 3 2 3 10 7 9 11 10 12 10 11 12 9 3 10 5 7 10 10 8 1 8 8 4 11 4 10 4 1 10 10 1 4 8 3 11 11 6 6 7 6 7 11 6 8 5 4 5 1 2 2 10 5 5 10 2 10 5 1 10 10 3 7 6 3 11 6 11 2 6 5 9 1 4 6 10 5 7 9 12 5 2 7 9 7 2 8 6 7 5 5
177
5 4 8 3 11 7 6 5 3 2 4 7 8 4 4 9 7 10 8 4 5 3 6 11 11 11 10 1 5 5 10 9 10 8 3 1 8 2 11 2 7 6 5 5 3 7 2 7 9 3 7 1 3 2 5 1 5 10 8 2 11 3 10 8 1 1 1 4 12 11 8 1 3 11 1 3 1 7 2 1 2 5 3 9 6 1 11 6 2 2 11 9 11 3 10 9 12 4 7 6 5 5 6 1 9 5 11 4 10 7 11 1 1 10 9 6 3 7 7 4 3 4 11 2 4 9 2 4 6 7 8 11 3 9 1 10 3 10 7 5 9 6 9 10 3 6 1 8 8 5 1 8 4 10 8 5 4 4 3 12 5 11 8 9 4 7 5 2 4 8 11 10 4 8 6 10 9
46
43 11 18 33 2 14 13 2 34 34 31 32 15 11 6 28 26 15 8 31 39 42 8 20 38 16 2 17 15 9 31 29 37 14 17 25 33 2 39 30 7 6 42 25 35 23
71
2 6 25 27 11 22 13 2 6 6 7 16 7 17 17 14 23 2 24 9 16 8 5 15 10 22 26 12 17 5 9 10 6 17 28 14 4 8 28 14 12 13 29 4 1 11 7 20 10 20 24 15 29 16 2 26 18 10 17 3 25 6 4 23 6 1 19 8 7 12 14
131
2 1 6 7 12 15 3 9 4 14 1 1 4 7 5 14 9 12 4 12 14 3 2 11 2 9 11 13 2 10 11 6 15 3 11 5 10 3 9 5 5 3 9 6 4 5 4 5 14 16 4 2 10 1 5 14 9 1 2 15 8 12 6 7 8 8 6 12 6 1 4 11 11 1 4 13 6 11 14 15 16 12 9 13 11 13 7 6 5 16 3 9 10 1 14 5 3 8 13 3 6 5 4 3 14 11 6 1 2 10 14 1 8 11 2 2 7 6 8 7 9 8 6 3 11 5 14 8 4 15 12
158
1 10 2 2 12 12 8 11 12 9 2 2 7 2 2 10 12 3 12 9 13 9 6 2 11 8 2 9 3 7 11 6 6 2 11 8 6 13 2 7 7 11 13 5 12 2 3 13 3 9 2 8 11 13 7 2 6 3 3 5 1 10 8 2 5 7 1 8 2 7 12 13 10 2 3 8 1 13 9 13 11 2 1 4 1 10 7 1 1 2 3 9 6 12 1 5 12 8 12 8 7 8 3 7 12 11 10 2 8 7 11 2 5 10 8 8 12 10 2 8 6 7 11 5 11 6 7 3 3 8 1 5 3 3 3 5 13 13 1 12 5 12 1 8 7 7 6 6 1 3 8 3 11 3 6 10 12 4
85
4 8 22 1 13 21 16 22 23 1 19 14 14 12 8 20 20 3 23 5 14 17 6 15 18 1 7 21 18 12 22 16 1 10 13 14 11 9 20 13 3 5 17 5 12 16 17 4 10 20 10 5 18 17 21 15 22 15 6 6 7 10 5 22 1 19 11 8 7 8 17 11 7 23 22 24 2 6 18 5 24 13 22 22 14
41
23 34 36 22 43 25 44 18 48 20 10 23 38 33 9 5 7 37 4 38 24 15 13 46 22 46 39 48 10 38 7 45 20 10 18 26 15 23 9 41 43
36
31 39 48 47 38 48 7 56 33 35 44 26 16 40 48 47 52 39 8 31 43 13 53 35 35 24 9 36 35 40 46 9 4 34 48 42
180
6 2 7 7 4 8 9 1 10 9 10 11 1 9 4 6 5 6 5 12 4 3 1 4 8 3 10 11 8 10 11 6 8 10 7 6 9 8 5 11 1 8 2 5 5 9 5 11 5 2 8 6 2 3 8 12 3 7 6 10 11 8 2 7 10 3 8 11 6 1 1 3 9 9 4 9 5 5 9 3 10 5 5 10 1 2 9 6 11 8 6 3 6 10 6 3 8 3 7 7 8 12 5 10 9 7 6 6 1 10 6 6 9 7 7 11 11 11 1 6 9 4 4 9 7 3 6 4 7 8 9 5 1 1 8 12 7 6 2 7 5 2 7 10 1 8 7 9 8 10 6 7 2 3 10 5 4 11 9 1 9 4 11 8 11 6 5 5 2 1 6 11 11 4 11 8 9 9 9 3
142
13 7 1 1 4 13 1 10 5 1 11 8 3 2 1 6 8 7 1 2 3 7 8 6 7 10 7 10 10 2 4 5 4 2 1 11 8 12 3 12 13 9 8 12 11 6 10 10 1 3 10 5 13 6 2 4 7 12 3 9 13 3 6 14 14 4 11 2 9 7 3 9 11 2 7 7 5 1 8 1 10 1 8 5 6 13 8 10 11 10 2 1 2 6 5 6 13 2 2 14 7 10 12 2 4 15 7 5 1 9 11 12 4 13 4 3 13 3 7 1 8 7 10 6 9 11 13 2 12 5 4 6 1 12 7 13 3 7 14 14 2 14
99
14 10 18 5 19 10 15 5 1 6 15 5 9 14 5 15 20 13 8 17 2 6 8 13 16 6 7 1 15 9 6 5 18 7 14 17 5 9 19 5 5 13 4 15 17 3 1 15 15 15 2 11 19 15 2 12 2 14 6 11 6 11 2 3 10 4 8 4 16 15 10 2 14 8 9 3 10 13 18 18 10 6 14 6 10 16 9 6 8 17 8 4 19 1 11 1 15 1 13
93
13 14 11 22 1 2 5 1 5 6 20 14 22 12 17 7 20 3 3 22 8 8 16 19 6 17 15 16 12 17 1 15 19 13 21 19 18 3 21 3 10 18 13 10 7 13 13 21 19 19 8 10 13 2 2 10 3 3 21 14 13 6 14 5 8 6 9 15 10 5 21 7 13 11 13 7 17 17 5 17 20 4 19 8 19 11 3 11 16 11 14 9 3
69
16 5 22 11 24 20 27 26 29 20 9 25 26 19 24 1 14 29 10 27 6 7 4 27 23 20 16 4 17 24 15 1 13 21 20 23 8 20 9 21 27 1 22 2 16 28 8 11 29 4 9 17 28 20 7 3 22 28 12 6 18 7 24 23 9 14 13 17 24
166
8 6 12 2 10 4 7 13 2 9 6 2 6 8 6 1 6 5 9 11 9 4 11 4 11 11 7 5 9 6 12 7 4 3 6 8 10 7 5 11 4 5 5 2 10 6 2 11 2 5 12 8 6 9 4 7 11 7 5 9 10 3 4 2 7 2 11 5 12 8 2 7 5 1 7 1 4 6 2 10 8 1 2 12 6 4 6 3 12 9 8 2 1 12 8 5 2 11 10 4 6 4 1 9 11 11 11 9 12 7 12 2 7 9 11 4 2 7 8 4 9 5 7 8 5 9 3 1 3 11 3 1 12 7 8 7 3 1 9 4 6 11 2 8 10 5 10 4 1 2 5 10 9 7 11 10 8 1 5 10 6 11 1 7 10 3
87
23 23 8 14 19 14 23 13 23 13 6 19 9 17 10 12 2 9 7 14 9 10 1 23 7 9 9 4 10 7 12 12 11 8 23 21 14 20 6 8 2 12 13 21 11 20 9 6 3 14 20 20 10 14 8 7 3 9 18 18 3 20 19 6 9 4 6 10 14 12 3 11 13 13 20 5 4 9 4 1 15 7 19 11 17 18 22
107
7 8 17 16 9 13 18 15 2 9 15 2 3 2 3 4 14 4 6 9 14 6 18 6 4 4 18 2 15 15 9 5 5 15 15 2 5 6 3 14 7 3 7 19 8 4 14 13 16 1 9 12 4 15 15 15 15 1 3 18 1 4 2 7 11 14 1 15 13 14 8 6 3 11 1 10 19 17 16 4 3 4 13 9 9 15 8 12 8 9 11 3 15 6 18 3 5 14 8 13 1 14 17 9 4 5 3
32
4 23 35 25 38 59 52 61 32 34 41 60 23 61 23 43 24 3 48 44 35 32 45 6 43 52 41 9 63 19 60 59
140
1 14 3 12 14 15 2 10 10 10 3 14 4 5 12 8 11 9 15 3 14 12 3 13 9 2 13 6 8 1 13 2 12 10 2 1 8 12 8 7 11 12 10 4 12 8 5 14 8 10 8 5 1 11 11 7 15 2 5 2 8 7 4 13 14 4 2 3 2 4 2 5 1 9 2 8 5 1 4 1 8 6 4 9 11 13 3 10 13 2 11 4 14 10 13 2 14 7 12 4 2 3 12 11 6 12 3 7 12 13 8 1 7 12 10 4 7 11 1 6 14 12 3 9 10 4 5 10 12 10 8 15 9 5 3 3 9 15 5 10
64
24 20 11 27 26 1 27 14 12 17 6 26 16 9 17 30 17 8 5 19 8 11 23 4 6 25 13 12 19 26 16 26 18 18 4 10 30 3 17 31 1 32 18 29 15 18 18 13 26 24 26 4 11 26 8 14 13 20 29 29 18 26 21 22
167
11 7 9 9 2 2 5 3 1 12 6 2 9 2 1 4 5 9 8 5 12 2 4 8 4 2 3 10 1 7 11 12 12 2 6 2 11 5 10 9 4 7 11 4 7 1 9 10 3 4 3 3 3 10 3 6 10 5 7 10 12 9 10 1 3 8 7 7 11 9 2 11 4 8 9 11 10 7 3 4 12 4 1 10 2 5 11 3 2 5 6 5 12 11 9 6 9 7 5 2 7 8 4 4 10 6 11 8 6 5 4 9 1 9 11 11 3 4 11 6 1 12 5 7 6 11 6 9 7 7 2 1 3 8 11 8 11 10 2 1 5 3 6 1 9 8 4 2 1 8 2 12 11 10 5 5 2 1 11 7 3 9 3 12 7 1 8
197
3 6 6 9 11 2 1 4 4 9 10 9 5 10 8 4 10 8 2 5 6 8 11 2 1 6 3 8 2 9 3 9 10 7 1 5 3 9 2 8 3 4 10 4 9 10 3 7 7 8 11 10 10 5 4 1 2 8 6 7 9 4 8 6 4 1 6 11 9 4 5 8 6 1 9 6 3 5 6 2 7 9 1 1 10 4 4 5 9 3 1 6 3 2 2 5 8 6 10 7 4 9 1 4 7 6 3 10 10 1 5 9 6 9 5 9 3 10 1 8 3 9 7 8 5 6 10 10 9 5 10 7 6 8 2 2 10 1 10 10 1 3 10 10 1 9 1 5 4 4 3 5 3 6 1 9 4 6 1 8 9 5 7 9 2 7 9 1 2 7 1 5 7 11 4 8 1 5 3 7 6 4 8 6 1 4 4 10 4 10 2 7 9 2 9 3 6
28
10 71 59 33 39 54 25 23 17 70 50 22 25 66 32 40 28 71 63 14 61 34 19 11 40 39 16 11
79
19 3 21 18 2 19 13 16 7 2 17 8 24 25 9 9 12 15 21 2 20 11 15 8 23 2 25 5 16 15 19 19 10 3 19 22 5 19 9 21 18 5 20 14 8 18 8 1 1 10 13 23 26 16 6 22 10 14 9 3 13 8 20 19 21 9 16 11 22 23 16 22 14 23 21 17 15 10 10
33
53 10 18 38 56 56 20 3 50 57 15 58 59 10 34 13 6 55 36 8 19 17 30 40 56 38 40 31 43 10 42 23 18
76
22 4 19 19 2 14 19 14 16 16 12 25 18 19 13 17 2 15 21 7 22 11 3 13 7 9 14 19 4 24 24 13 3 16 15 11 15 23 21 11 24 25 25 25 8 25 8 17 21 25 23 27 14 3 27 17 1 22 1 24 23 14 16 26 22 26 9 6 20 20 18 17 5 19 11 18
91
7 18 14 16 12 5 12 6 13 17 4 20 17 15 20 21 9 3 3 13 9 15 5 10 21 12 14 1 14 9 1 3 20 5 1 14 13 10 15 2 22 18 18 2 4 3 9 1 11 2 18 20 10 4 15 5 16 7 1 18 2 14 7 15 20 12 10 6 13 1 12 8 5 17 10 7 3 5 19 8 3 4 22 22 17 11 1 12 8 9 22
152
11 9 1 2 10 7 11 12 5 14 8 13 10 13 2 7 7 11 10 10 2 5 1 2 5 7 11 3 6 4 9 11 1 13 14 12 3 7 11 10 10 10 5 7 13 7 12 3 6 13 6 4 8 8 4 1 8 5 2 11 2 7 9 1 3 1 2 10 10 4 13 7 4 7 1 10 3 11 4 12 5 9 5 8 13 12 6 11 8 4 4 6 6 12 4 14 5 5 12 3 7 14 5 8 9 4 7 5 13 5 10 10 6 2 7 13 3 7 6 10 8 9 5 8 13 3 6 7 4 8 5 1 11 11 11 3 10 1 1 13 14 6 8 7 10 14 1 12 4 13 2 8
196
2 6 4 9 2 9 5 10 6 8 2 7 1 2 6 10 8 4 2 3 4 10 4 9 10 9 10 3 10 8 10 4 2 3 8 10 8 4 2 9 1 2 9 9 3 6 3 4 3 1 9 11 10 3 7 3 8 10 1 2 6 1 9 3 8 8 6 10 10 5 6 6 8 8 2 9 7 5 3 1 8 1 3 4 11 6 10 10 10 6 7 1 1 10 6 6 1 3 9 1 9 6 8 3 2 4 6 7 3 5 4 5 3 6 10 8 7 3 4 2 10 9 6 1 4 5 2 6 11 9 3 6 9 2 10 3 1 3 4 2 10 11 7 5 8 5 11 10 3 3 4 4 1 2 8 4 10 9 6 5 6 9 8 7 3 5 10 9 2 9 6 2 1 6 8 6 6 1 9 5 3 5 5 7 5 1 5 4 6 1 7 4 10 3 10 6
107
1 6 8 8 8 2 12 9 15 2 9 17 12 9 15 2 15 11 15 14 4 9 17 10 13 14 2 10 3 13 19 19 10 9 13 14 12 1 11 15 17 18 11 18 13 9 12 18 1 16 12 12 6 15 7 1 19 11 16 14 11 12 3 1 4 18 2 17 16 8 5 17 6 14 9 13 6 9 16 10 2 8 7 10 2 18 6 19 10 10 13 4 5 3 11 13 13 9 14 9 7 5 2 7 5 4 12
60
17 29 15 27 15 32 27 12 27 18 15 28 3 22 32 15 5 27 23 25 17 18 12 4 26 34 33 31 10 15 32 29 2 6 26 14 3 8 10 18 11 25 23 25 7 4 11 30 24 5 13 2 15 28 20 33 29 7 10 18
138
3 12 13 4 3 2 11 6 15 9 4 2 13 13 8 13 1 8 13 5 5 14 8 10 9 1 9 10 9 14 14 10 15 9 13 4 2 13 8 1 2 12 6 5 1 11 8 6 7 11 15 1 10 6 1 7 14 6 9 8 6 6 7 9 5 6 15 15 9 9 6 13 11 6 11 2 1 14 12 3 1 13 10 12 1 8 10 12 6 10 15 7 9 10 15 3 7 6 14 1 9 11 5 10 9 4 14 2 12 2 2 1 5 4 2 12 10 9 7 6 4 12 8 3 4 3 8 8 10 1 3 14 4 8 6 5 2 3
31
58 64 6 50 5 18 6 26 8 21 35 62 35 9 9 7 14 52 29 3 6 2 16 36 37 15 60 47 19 47 7
99
3 7 4 20 1 3 3 9 13 4 12 18 20 9 17 13 12 17 19 9 19 12 13 17 20 5 5 21 20 5 15 3 12 4 20 8 15 9 17 10 8 14 20 8 11 19 18 13 14 12 1 4 7 18 6 1 9 16 16 20 18 7 16 2 11 16 12 16 9 19 20 12 8 19 19 11 3 5 13 10 18 3 13 3 2 6 4 7 19 12 20 16 17 7 17 20 2 17 14
89
8 13 5 14 19 2 2 22 9 21 2 16 6 8 19 6 19 20 21 7 21 3 6 2 21 5 21 6 19 20 7 18 7 1 9 23 7 12 1 16 2 17 2 4 23 10 21 19 17 5 10 5 3 8 18 18 12 3 1 22 8 14 17 15 7 6 23 14 2 9 4 6 18 12 19 23 3 15 3 16 19 14 2 22 17 8 3 14 22
20
89 86 59 99 79 58 71 55 89 49 38 24 66 56 19 77 55 36 41 89
176
1 10 1 7 7 10 11 9 7 10 9 7 2 2 6 11 7 1 6 9 9 9 3 4 11 1 4 10 2 10 11 8 10 7 12 11 6 7 8 3 1 3 6 4 8 6 1 8 11 3 8 10 11 10 2 7 3 5 5 3 4 2 10 1 2 9 2 6 7 1 6 8 1 6 10 5 7 2 1 8 2 1 3 5 5 5 9 8 8 1 11 11 1 2 3 12 7 6 7 1 11 4 1 10 1 10 11 9 6 6 7 10 11 12 9 5 3 11 10 5 1 7 11 3 8 3 12 4 2 4 11 10 5 6 7 3 11 10 8 4 8 9 10 6 4 3 10 5 1 4 7 9 12 6 12 8 11 7 12 8 5 11 2 2 3 6 10 7 8 7 12 7 1 9 1 11
146
1 12 4 11 5 5 3 4 3 2 3 6 4 4 12 6 1 9 9 10 3 12 5 3 3 6 7 3 6 7 9 10 12 4 8 2 1 8 3 8 9 7 13 2 5 4 4 12 4 10 5 7 2 9 3 11 4 3 7 3 3 4 3 7 11 5 12 4 9 1 3 11 3 14 3 12 14 13 5 4 7 4 2 3 13 5 1 1 10 8 8 8 7 3 12 4 1 3 14 11 5 6 4 6 1 8 5 1 4 9 5 1 9 5 10 7 7 12 12 3 13 1 2 5 6 7 13 6 4 2 8 13 5 5 1 6 2 14 11 12 6 1 10 11 9 7
36
5 31 16 46 54 24 33 54 2 29 52 45 54 37 47 54 16 51 34 16 41 31 16 39 49 55 32 23 28 35 5 56 21 5 32 24
42
42 9 17 6 24 10 25 39 14 11 9 7 25 27 1 2 23 4 28 18 11 17 6 17 40 2 36 43 32 8 27 32 34 30 33 19 6 27 5 30 11 45
100
10 8 16 6 10 20 20 10 19 8 13 11 10 3 6 15 19 11 18 11 5 9 11 19 5 20 6 10 20 19 19 7 8 1 15 1 15 9 7 6 13 9 17 7 19 10 6 14 6 17 15 13 13 14 20 17 15 6 19 5 11 15 14 16 19 9 6 5 13 10 19 9 17 19 2 13 13 1 18 6 4 14 2 13 13 8 3 7 13 18 3 11 20 10 14 8 1 20 2 20
184
5 11 3 11 9 9 3 3 7 6 11 3 1 6 10 10 4 10 10 3 10 9 8 4 4 6 2 2 8 7 10 2 5 5 10 5 7 11 3 8 8 6 4 5 3 3 5 8 11 5 7 3 1 6 11 2 3 3 7 4 2 2 3 1 8 4 8 5 2 2 4 10 2 9 5 8 8 10 11 11 6 10 3 10 10 8 7 3 4 1 7 8 11 9 11 11 6 10 3 5 6 8 5 10 11 2 11 5 10 4 3 3 5 1 5 7 8 4 5 1 8 9 9 1 1 4 6 4 7 8 3 2 8 4 9 8 1 11 8 2 6 1 6 9 10 4 6 9 10 11 8 9 7 11 6 3 1 7 11 5 11 7 1 7 11 5 8 5 9 6 6 3 4 6 4 1 3 2 10 3 5 7 8 3
102
3 11 17 17 17 10 9 11 12 3 6 15 10 20 6 4 5 14 8 15 12 3 10 9 7 18 10 19 10 1 6 19 8 17 1 3 14 14 13 12 20 3 15 3 16 16 3 1 10 10 14 2 2 7 14 11 14 13 6 11 5 10 6 3 19 16 14 2 2 7 16 10 12 14 14 17 8 10 17 18 3 15 15 15 16 8 6 19 16 6 15 4 2 8 1 15 17 18 13 4 10 14
56
23 21 20 32 32 35 29 7 36 5 19 17 13 27 33 2 35 6 3 14 18 33 21 6 1 13 34 22 14 2 31 16 29 9 30 4 9 3 26 6 33 24 29 9 24 14 4 26 12 36 19 29 12 31 33 18
95
17 21 9 6 18 5 12 14 7 15 11 3 5 6 19 11 1 13 9 19 13 9 12 2 20 15 4 7 17 1 4 3 3 12 2 19 12 10 5 6 1 13 5 13 17 1 12 14 1 15 4 8 13 5 8 7 18 18 8 11 13 21 1 6 18 21 19 18 2 2 12 8 5 10 5 18 3 8 11 17 3 5 6 11 8 19 17 3 12 10 7 12 6 3 14
49
23 32 7 3 19 39 36 32 25 29 1 8 11 24 38 28 26 28 34 15 7 11 32 9 2 33 26 35 8 19 9 32 17 13 38 36 5 8 15 12 20 14 12 1 12 19 6 6 27
30
18 26 5 50 55 44 20 39 10 47 65 66 53 7 31 18 24 63 31 46 45 33 37 54 23 19 36 28 47 46
21
33 56 18 22 79 9 49 3 93 3 12 30 89 54 1 35 2 40 82 35 24
90
13 20 10 20 20 2 19 4 5 8 14 9 12 6 20 4 3 10 8 11 20 4 15 17 19 20 13 6 8 14 2 22 10 18 11 16 19 9 15 11 8 20 17 14 20 18 10 20 6 8 17 1 7 12 10 16 3 4 22 22 3 18 15 21 20 4 13 4 13 4 18 20 2 4 23 1 9 5 12 6 14 13 8 1 18 17 17 16 11 2
171
5 8 6 7 5 10 11 1 11 11 5 11 8 10 5 6 8 11 9 11 7 1 1 12 4 10 1 1 3 7 1 6 4 12 3 2 1 9 7 8 9 9 2 3 11 8 9 8 11 12 3 2 8 5 3 4 2 7 1 7 11 10 3 6 2 4 8 7 6 6 11 9 1 6 8 7 4 7 7 4 7 9 10 11 5 3 7 4 10 3 3 10 1 1 3 9 3 5 12 1 10 6 10 2 9 1 1 2 4 4 5 3 12 7 10 10 8 7 7 3 12 2 5 6 3 2 4 10 3 6 12 2 11 10 4 2 4 12 3 9 2 11 9 2 2 1 1 8 1 11 3 1 1 10 7 1 4 11 4 11 10 2 3 9 12 6 8 5 10 3 11
66
30 4 24 17 14 9 14 17 26 15 19 4 28 23 13 28 8 16 26 3 23 3 6 30 9 17 23 21 25 12 1 5 29 9 7 7 14 1 10 9 3 15 20 3 31 18 29 25 23 19 6 8 30 14 3 17 7 25 18 2 25 29 20 20 26 21
63
2 5 11 31 10 18 7 4 8 13 15 4 13 10 31 4 10 9 19 20 5 27 8 24 10 3 30 25 1 8 18 7 28 23 18 27 20 7 2 32 21 21 28 12 1 1 12 1 21 16 28 20 20 19 5 7 28 29 6 2 8 2 9
116
12 3 14 2 15 3 14 3 8 17 7 12 8 11 14 13 12 9 7 16 9 13 10 17 17 3 6 16 17 14 10 8 13 8 16 8 3 6 5 1 1 6 9 7 12 13 3 4 17 14 13 12 12 4 5 12 13 2 6 2 4 10 12 3 13 14 2 10 1 5 1 17 7 11 11 13 8 1 10 11 10 8 14 3 3 9 12 1 18 12 8 4 12 10 17 7 2 8 16 9 8 3 7 5 6 2 15 11 11 6 6 15 17 14 5 1
55
25 1 4 31 13 35 28 10 2 15 22 26 10 34 19 25 26 1 26 17 19 31 14 24 37 4 24 33 6 6 21 6 36 20 28 20 4 30 17 33 18 35 20 34 11 25 13 27 31 32 18 18 2 10 9
65
3 15 18 3 13 31 4 4 5 14 2 2 6 17 24 12 27 4 14 8 19 2 12 12 13 5 2 25 12 18 6 8 19 18 19 4 20 21 17 13 7 6 15 28 7 1 30 11 29 30 3 3 21 19 3 17 1 27 28 6 18 20 17 11 10
48
20 7 28 18 25 1 7 41 15 7 31 18 23 9 7 37 15 34 18 35 31 2 12 22 25 24 27 25 3 35 42 41 20 17 33 16 33 1 5 13 26 5 35 26 2 32 23 28
24
11 79 55 35 47 76 44 23 81 78 8 17 22 41 18 10 82 29 34 50 12 76 58 79
182
2 5 4 1 8 11 11 3 4 1 3 7 11 11 6 1 5 8 11 2 6 10 11 11 2 4 8 6 6 11 9 6 9 11 7 5 3 10 7 1 9 8 9 4 8 10 3 1 3 9 7 8 1 4 3 1 8 6 11 7 9 2 3 3 9 7 7 1 2 4 1 1 1 10 5 6 9 4 11 2 6 9 7 7 3 7 5 8 5 3 3 9 7 3 4 11 2 9 7 4 3 10 4 11 8 2 1 9 8 1 9 9 9 3 10 10 11 7 11 9 1 5 9 2 3 6 11 4 1 2 2 6 2 3 1 3 7 6 7 8 4 2 6 8 6 5 2 8 5 5 7 1 2 3 8 6 7 10 9 2 9 1 10 1 4 5 4 4 8 6 5 11 11 9 1 6 9 6 6 5 11 9
29
26 63 68 53 41 49 55 63 69 16 43 52 19 27 61 16 68 52 36 34 50 57 13 32 55 42 24 38 63
191
2 3 8 11 5 3 10 1 3 3 3 10 4 1 3 8 7 2 10 4 10 6 9 1 7 10 4 2 2 5 8 2 7 7 1 1 9 8 11 4 4 2 2 9 1 4 4 6 5 5 5 8 7 7 9 8 1 2 4 4 1 6 4 10 1 8 8 5 7 9 5 3 7 1 7 11 2 6 1 1 5 2 7 9 2 3 2 1 3 5 3 10 6 4 11 3 7 3 1 6 9 4 8 7 9 5 8 4 6 5 6 4 2 9 7 8 7 1 2 11 6 10 11 4 10 7 2 6 6 8 3 5 3 9 6 11 4 10 9 8 3 3 3 10 8 7 2 4 10 5 1 2 7 10 10 7 5 10 2 9 6 6 5 10 4 9 3 10 9 9 5 6 10 1 6 7 3 5 3 1 9 5 2 8 1 1 9 9 11 7 8
22
84 66 74 89 21 91 66 28 17 22 39 52 66 86 23 3 42 4 65 88 87 24
120
1 4 15 9 10 14 1 10 10 5 8 11 11 4 3 7 15 8 7 10 16 7 10 3 2 17 1 2 11 4 2 12 1 16 3 8 15 2 1 11 8 3 7 15 16 9 11 15 5 2 2 13 9 6 8 16 6 11 8 9 6 11 8 6 8 12 15 1 13 2 4 1 4 1 14 14 2 15 5 5 8 5 5 11 13 7 8 14 7 17 5 5 15 17 15 10 7 11 10 16 12 13 9 2 5 10 9 2 12 7 14 9 12 8 11 9 8 1 11 17
181
3 8 4 1 8 3 1 2 6 1 10 10 7 10 2 8 9 6 1 8 1 7 10 1 8 7 9 2 11 11 10 11 8 7 3 6 1 4 9 5 2 6 5 5 4 5 2 10 3 11 8 1 10 8 5 11 7 8 7 9 3 5 3 5 5 6 7 8 11 5 2 10 11 3 9 5 1 6 10 3 6 11 3 5 1 1 6 4 7 9 7 2 8 7 6 6 8 11 3 6 9 2 5 1 3 2 8 11 10 11 9 10 9 9 8 4 8 11 10 1 8 10 5 1 12 8 10 5 6 3 11 1 2 3 3 7 2 4 1 6 2 9 7 8 6 4 10 1 10 8 6 1 5 7 8 4 11 7 8 9 4 4 4 10 6 5 7 6 11 2 8 5 6 2 2 10 6 10 2 3 10
78
7 8 17 22 6 20 4 11 2 13 18 3 21 9 25 6 15 19 3 10 10 15 18 6 12 9 6 1 4 22 18 19 25 23 13 13 20 3 4 22 3 24 16 21 19 3 13 20 2 18 7 7 9 8 10 22 21 13 1 19 24 11 18 20 3 22 12 12 13 16 19 13 7 26 12 1 18 8
183
9 4 4 11 8 11 7 4 2 7 2 9 3 11 8 7 11 1 3 7 11 3 9 7 3 9 6 2 7 6 11 8 5 10 6 8 7 8 4 2 7 10 8 9 6 1 10 10 2 2 10 10 2 7 1 10 8 3 6 10 7 5 8 6 4 11 6 9 6 11 1 6 4 10 2 10 11 10 7 2 4 5 9 4 3 3 3 11 7 9 11 2 3 4 8 10 6 6 7 5 9 10 9 2 10 7 5 2 8 9 8 5 1 6 4 3 2 10 11 6 3 9 5 11 11 2 10 11 4 6 10 2 4 2 9 1 5 7 5 9 9 1 11 4 6 4 2 1 3 11 9 10 1 4 4 4 4 2 7 10 3 5 4 9 4 2 4 6 9 5 8 8 2 2 2 1 1 9 5 7 10 11 6
148
9 11 12 5 5 12 6 2 10 13 12 8 6 3 8 6 10 10 9 7 12 10 12 3 7 7 2 11 12 3 3 10 4 6 4 2 6 11 6 5 3 8 11 4 3 1 7 6 13 7 6 8 4 7 5 5 7 10 10 7 11 10 6 4 10 2 3 4 10 4 2 8 12 6 5 5 10 3 9 4 3 12 12 3 10 9 6 7 13 1 12 2 9 4 1 6 6 13 7 2 8 10 12 12 3 7 11 13 7 7 7 5 11 12 2 1 6 3 9 8 5 5 9 3 5 12 3 9 10 3 13 3 12 7 3 11 13 5 11 1 11 13 1 4 3 1 1 4
134
13 9 2 10 11 1 6 12 11 2 15 11 1 13 9 15 8 7 4 6 15 8 8 15 2 3 14 13 12 9 15 14 1 9 15 13 10 4 8 11 6 3 3 5 14 5 10 12 4 14 13 11 11 11 9 13 9 14 1 11 10 2 1 9 10 5 4 3 10 3 6 8 5 12 1 8 1 4 1 6 2 12 10 5 13 3 7 10 2 5 8 11 8 4 15 5 11 10 5 4 13 7 4 6 9 1 5 9 3 11 9 15 14 15 11 8 3 4 10 8 10 2 11 8 9 7 9 12 8 8 7 5 1 8
62
5 28 25 12 14 23 16 15 24 4 26 12 24 30 20 16 19 30 10 28 17 31 12 30 26 20 12 7 6 1 11 14 28 6 22 33 18 7 2 22 18 24 6 15 3 29 24 10 12 29 23 16 3 10 12 1 21 6 23 32 22 25
53
7 14 20 37 37 32 24 2 23 29 38 6 13 31 36 1 27 25 12 8 23 16 21 26 24 20 18 5 20 23 4 30 23 4 5 15 1 8 13 21 17 20 23 26 23 30 24 38 20 21 6 38 28
119
9 12 11 8 8 7 5 5 8 9 9 13 15 11 3 3 4 3 11 16 8 14 13 4 16 5 6 7 16 6 10 5 6 8 13 4 8 4 11 3 12 12 12 16 11 5 1 12 9 10 4 16 9 15 7 5 9 3 15 17 7 11 7 1 3 7 8 12 11 5 7 14 9 13 8 7 13 16 3 16 17 13 6 7 1 14 9 9 17 2 15 17 8 11 12 16 2 8 6 11 6 8 16 13 1 11 14 7 7 15 5 13 17 17 8 2 16 2 15
35
43 10 16 10 18 48 1 51 9 39 37 54 50 32 26 27 20 5 36 30 3 49 23 43 42 54 24 24 31 31 5 30 57 57 11
40
19 31 18 29 12 22 30 16 27 33 40 32 47 36 14 34 22 34 9 17 27 17 46 27 27 3 44 38 37 17 37 16 45 18 40 38 50 2 3 26
114
7 4 11 4 12 5 7 5 7 4 10 15 6 16 1 2 8 5 15 18 12 11 11 10 3 2 15 9 6 5 15 13 5 15 13 9 4 16 13 1 3 13 4 10 17 14 13 13 17 11 17 5 8 8 12 2 17 7 7 13 16 5 13 10 5 9 10 16 7 10 2 11 15 4 12 1 4 17 13 12 2 9 8 16 3 10 3 14 13 10 1 13 2 3 15 15 9 12 8 4 16 12 4 12 10 15 2 13 14 3 13 3 3 1
191
5 7 3 6 4 2 5 10 8 6 5 5 6 3 6 4 2 4 2 3 10 8 7 3 3 1 2 6 7 3 3 10 8 3 8 11 1 1 6 5 6 7 2 9 7 4 1 2 8 8 9 10 6 9 6 3 8 5 8 7 4 7 3 3 1 7 11 9 11 1 5 5 9 7 8 2 4 9 10 3 11 2 1 1 6 6 2 6 9 8 6 9 9 2 3 1 4 9 8 9 4 9 1 9 10 6 8 4 2 2 5 7 9 7 10 2 6 3 11 6 1 6 10 2 9 8 7 8 1 10 2 5 5 3 10 7 7 6 3 5 3 1 1 7 1 3 2 2 5 5 1 1 8 8 3 5 6 3 9 10 5 10 10 8 7 11 7 10 8 6 5 9 8 2 2 5 6 3 4 7 5 3 3 1 11 4 10 4 3 8 6
36
31 13 14 41 31 48 20 46 45 56 51 6 37 12 14 53 26 31 40 11 28 55 53 27 5 47 1 54 40 34 44 19 33 45 23 11
199
6 8 2 4 6 8 7 6 10 6 5 4 4 5 2 7 1 8 7 9 5 1 8 3 8 5 6 8 7 10 2 10 7 3 2 4 8 8 3 9 4 8 1 9 2 10 7 1 1 3 7 10 9 9 7 4 2 7 10 4 2 9 1 8 9 7 3 8 2 3 8 9 4 3 1 5 2 9 1 5 6 4 5 3 10 2 4 1 3 5 5 10 10 4 3 7 8 5 3 8 7 8 6 6 6 5 2 6 4 7 6 8 6 8 7 7 4 9 10 1 8 6 3 9 4 7 6 5 2 3 1 7 5 2 7 10 2 9 7 9 5 6 2 7 6 5 9 6 3 7 4 3 5 1 6 3 2 5 9 4 5 8 8 10 6 9 2 1 5 7 4 7 8 2 3 1 8 2 5 1 10 7 1 9 2 7 5 6 2 7 6 5 2 2 3 10 1 7 2
33
43 19 28 51 8 39 1 4 4 48 26 22 58 9 21 2 19 35 26 58 8 50 31 41 19 6 39 9 6 3 37 29 27
147
8 1 3 4 12 14 9 8 13 7 14 7 4 10 5 11 9 12 9 9 5 5 11 6 1 7 8 8 8 11 14 5 13 11 12 9 12 10 12 11 9 12 13 9 2 5 8 6 2 3 13 12 1 8 11 2 7 14 4 10 5 12 6 10 12 7 1 1 9 3 2 8 2 3 6 10 5 9 6 3 1 8 1 3 10 8 10 3 7 1 5 6 7 11 13 12 13 1 3 3 1 7 4 1 4 10 4 11 9 2 1 8 8 7 13 9 4 13 8 2 8 1 2 11 14 7 10 11 4 5 9 11 6 9 4 4 3 12 10 13 10 2 8 8 8 5 4
136
14 6 13 7 13 6 1 9 7 13 11 7 11 9 13 12 6 12 11 10 7 5 13 13 15 4 14 14 12 5 8 9 13 1 1 11 9 4 5 7 3 2 6 1 10 11 12 2 7 10 15 7 4 11 1 9 5 7 7 9 12 4 9 1 12 9 13 2 7 1 14 12 13 14 4 3 6 1 12 5 14 9 14 14 12 4 3 7 6 4 8 14 3 3 12 10 6 13 10 14 2 13 11 7 10 3 1 8 15 14 5 15 12 14 6 9 6 2 5 4 9 10 14 6 14 11 2 15 1 14 10 3 8 11 14 9
59
4 2 14 6 26 2 14 9 8 31 18 16 7 29 27 9 3 12 7 11 27 12 21 18 33 20 3 5 14 17 15 19 29 28 9 13 26 21 28 10 33 9 20 30 20 5 20 12 19 28 13 12 28 28 30 2 4 7 8
6
313 48 305 176 150 30
62
31 19 32 27 25 17 22 4 14 5 25 27 33 15 32 22 26 23 13 1 23 25 25 12 18 10 31 18 13 13 33 6 9 19 14 22 20 18 6 28 24 10 13 5 9 11 1 13 6 24 14 32 15 18 6 18 12 26 3 4 6 12
