64
63
18 31 16 32 27 8 26 18 26 6 18 29 14 6 18 13 31 23 19 30 19 23 1 25 24 11 31 7 19 10 29 9 1 13 16 20 3 6 5 30 10 24 5 15 30 22 18 6 17 32 21 26 23 29 16 27 21 8 15 15 15 4 4
20
16 33 4 27 51 42 15 65 28 27 26 52 62 97 40 29 29 27 42 4
24
5 74 10 72 3 33 14 84 29 63 70 56 18 62 20 17 63 10 61 33 15 2 36 27
22
18 65 87 45 33 79 16 11 2 13 65 46 5 28 74 41 70 27 44 24 84 64
3
224 373 199
27
1 47 47 7 25 41 30 42 18 20 40 37 24 39 28 26 58 13 67 28 72 9 31 9 6 20 5
10
22 2 23 160 171 80 106 139 59 55
3
83 98 308
99
16 10 18 19 8 13 18 19 10 12 21 3 1 2 14 13 3 19 3 10 8 15 15 11 14 3 2 4 15 10 8 8 2 13 10 6 14 4 14 12 18 20 9 3 11 13 8 15 13 14 11 10 19 16 8 7 20 17 2 10 18 16 11 7 16 3 13 4 8 9 20 8 11 12 13 19 19 18 17 16 19 13 9 7 10 11 16 16 6 4 3 9 15 13 6 2 9 10 20
7
36 113 76 75 38 173 258
78
22 11 7 14 18 20 26 17 14 7 10 6 20 26 3 1 2 16 23 2 13 3 6 10 17 24 1 23 12 13 14 22 5 23 8 22 5 23 19 16 4 3 16 18 5 1 13 15 4 20 15 6 5 21 11 3 19 18 18 26 23 3 21 14 19 2 15 4 17 19 10 8 19 12 1 21 11 13
32
34 54 62 32 51 20 25 14 17 63 19 48 47 42 7 3 14 40 13 14 9 4 21 39 61 60 55 18 11 18 3 52
7
244 114 214 219 153 248 268
81
13 2 24 23 11 18 17 24 6 18 5 21 21 15 4 24 20 23 24 6 24 1 3 1 23 18 8 14 2 11 8 15 1 1 18 21 7 3 22 1 2 14 9 12 4 21 22 1 13 14 21 19 22 10 22 13 22 14 3 2 9 9 19 5 2 18 24 15 3 24 7 20 23 4 9 24 18 3 9 15 4
96
15 6 5 10 5 20 7 17 11 17 7 20 5 4 21 14 1 5 12 13 1 5 19 4 2 4 3 10 2 7 1 15 12 1 12 6 12 6 19 4 20 16 5 1 14 4 19 5 19 20 17 4 4 16 15 2 2 18 9 9 17 2 16 2 7 19 3 10 20 4 14 17 19 17 3 2 4 16 16 4 13 20 13 19 15 20 6 20 10 8 21 1 21 10 19 13
74
10 8 16 14 25 18 18 6 7 9 22 19 16 18 4 8 13 20 2 13 6 14 2 9 18 20 15 1 23 19 23 27 7 2 10 18 20 8 27 14 13 8 9 3 13 23 12 23 15 10 13 23 19 13 26 18 20 25 4 26 8 6 22 9 2 13 25 13 18 3 25 20 27 25
94
10 14 12 11 20 16 4 4 18 11 13 12 4 1 7 19 11 8 2 8 2 19 2 16 5 15 3 20 22 7 21 11 4 1 7 17 20 9 1 6 7 21 3 16 15 12 8 13 5 15 16 8 2 13 17 9 6 2 11 3 11 16 10 9 3 12 22 8 5 13 6 12 7 18 6 5 5 5 13 5 3 6 10 5 16 12 10 10 15 14 1 6 13 9
54
25 11 20 18 6 37 9 20 21 20 34 2 37 24 26 24 18 30 5 26 20 21 21 25 8 19 25 30 34 9 20 6 27 33 20 30 35 32 9 20 28 9 27 19 35 30 31 8 34 23 28 23 16 7
17
79 62 18 103 24 110 93 32 104 55 81 83 115 6 94 35 47
97
9 1 9 8 14 16 2 5 1 20 12 3 6 20 6 7 6 10 12 3 5 19 3 17 14 4 8 15 17 13 2 8 12 18 14 15 15 2 21 18 18 13 19 7 8 17 19 19 6 5 3 1 12 15 16 2 14 13 15 14 2 19 7 9 16 7 4 18 19 4 19 19 12 11 7 5 7 16 6 7 13 20 12 9 1 20 17 13 2 11 6 1 8 15 19 1 20
67
19 6 13 23 12 2 1 13 16 30 22 9 30 13 2 19 16 26 25 20 5 26 24 25 19 9 13 19 21 17 25 26 23 25 26 22 22 5 26 1 1 8 25 21 11 2 9 17 21 23 17 11 17 22 8 19 11 12 19 9 14 9 19 11 25 2 1
52
32 4 28 37 8 33 18 17 27 33 24 6 8 6 11 4 37 1 29 9 19 13 11 29 15 30 32 26 13 25 28 21 15 28 32 18 29 33 30 22 10 18 36 4 36 38 21 6 24 2 21 26
73
20 3 22 7 27 21 15 23 19 26 7 2 14 17 2 23 15 14 2 5 22 18 7 5 8 19 7 12 1 21 4 25 2 21 9 10 19 19 17 15 9 5 21 11 22 1 9 10 10 11 8 18 24 22 15 17 26 24 5 3 24 17 25 6 22 17 26 2 3 3 14 27 27
84
12 14 15 11 19 16 11 23 2 22 22 19 3 19 19 14 2 12 20 7 11 14 6 9 16 14 17 23 21 9 8 4 15 13 3 1 24 9 23 6 11 2 12 10 7 22 12 18 11 15 9 5 6 15 14 16 20 21 21 19 24 23 2 6 18 18 16 2 14 2 23 12 12 18 11 1 15 18 1 10 15 15 24 24
18
107 74 1 94 57 68 57 79 79 4 58 92 105 110 49 46 4 21
93
5 15 19 10 7 20 9 5 11 2 9 9 1 14 6 7 20 12 2 22 16 13 17 12 18 11 8 5 22 12 7 15 1 18 21 11 2 5 18 17 1 10 2 3 17 15 15 17 16 6 1 11 8 7 10 15 10 6 7 4 11 17 6 1 5 17 16 10 13 8 6 14 4 1 6 21 8 9 15 7 6 9 10 8 17 2 10 16 4 6 6 19 6
70
18 1 17 8 22 14 8 14 4 16 6 8 9 11 27 22 12 21 3 15 20 4 10 5 22 8 25 26 10 25 28 15 4 5 18 13 15 8 5 24 14 13 24 11 1 25 14 17 11 19 6 22 26 3 5 6 20 24 4 7 17 4 27 26 16 12 5 4 14 5
52
34 30 23 34 4 12 26 3 19 5 18 9 23 23 12 10 19 36 20 11 27 1 38 21 19 26 23 3 9 11 29 30 9 30 20 18 5 16 10 16 23 22 4 6 17 33 9 20 37 3 20 39
89
21 21 19 6 8 10 11 20 15 5 6 18 1 15 3 14 20 3 21 12 4 23 17 7 6 8 12 6 3 23 4 14 7 18 9 20 7 13 12 15 15 21 12 17 15 5 17 18 6 16 16 11 19 9 21 6 12 2 12 19 20 21 8 18 13 11 17 4 17 9 8 18 19 19 9 8 15 17 4 15 23 16 19 12 1 11 8 23 9
11
35 75 76 40 74 180 51 129 88 117 87
79
16 18 16 12 25 8 23 4 5 26 3 2 24 21 10 21 5 22 20 17 16 8 24 4 22 3 3 14 2 16 21 13 22 20 20 5 14 5 22 21 20 5 25 8 5 26 17 21 25 7 1 14 7 5 16 3 10 6 1 8 1 20 3 19 1 13 6 6 12 25 13 14 1 20 3 13 26 13 16
63
16 22 20 17 30 13 22 9 18 17 9 7 19 31 26 11 25 6 15 9 12 15 32 9 4 9 1 24 17 9 9 8 14 11 6 15 26 9 4 11 31 13 3 24 9 28 1 32 9 25 22 13 31 17 19 31 4 20 29 30 12 4 1
74
17 9 25 16 26 19 15 22 12 22 3 22 19 14 23 20 13 22 16 25 18 8 17 3 12 1 5 21 22 12 21 5 3 17 16 16 12 21 11 17 12 23 14 27 1 16 4 11 21 17 15 16 6 5 10 18 23 8 8 1 10 7 8 26 11 1 19 27 19 3 25 15 8 5
78
5 26 13 15 21 6 16 12 22 7 1 18 12 21 4 21 21 21 5 15 4 16 12 25 25 9 8 24 24 10 14 19 6 5 22 18 14 9 7 10 10 25 26 9 19 15 16 3 15 6 12 2 9 8 15 12 26 23 6 17 8 9 11 20 7 21 13 3 21 4 1 21 8 20 5 13 4 25
55
5 1 14 9 1 2 24 2 14 26 9 25 28 24 7 1 33 4 27 10 16 25 3 4 13 19 21 3 8 14 33 26 21 36 26 29 16 22 21 35 22 25 32 18 7 9 21 22 15 19 31 10 9 20 24
28
34 27 49 20 16 24 62 14 24 16 12 19 67 48 64 61 57 3 62 53 10 17 41 28 23 45 32 55
47
36 41 29 5 8 29 31 3 38 1 27 39 34 21 39 38 8 3 23 14 2 43 24 34 26 22 29 13 9 7 36 10 12 10 38 32 21 15 13 35 33 35 35 33 37 35 15
9
156 5 129 47 43 3 20 118 219
48
10 25 22 2 20 38 34 38 34 35 7 31 4 34 31 15 30 3 32 3 1 12 21 15 24 41 19 1 34 19 38 39 26 14 33 29 39 32 10 40 40 11 28 42 8 32 24 34
3
26 37 631
35
12 2 6 38 40 13 22 40 42 20 25 13 28 30 55 5 19 32 48 21 22 15 40 29 47 28 32 57 15 42 55 23 6 53 3
94
5 13 3 12 14 11 20 18 1 11 3 5 17 4 2 2 2 18 1 6 3 18 20 13 3 16 16 1 3 18 6 14 15 21 5 8 17 3 7 12 4 12 15 14 17 20 14 18 2 9 1 1 14 17 3 2 12 19 7 12 2 7 21 20 3 7 5 9 13 13 8 3 21 17 20 9 15 7 5 14 6 1 14 19 13 7 10 6 4 10 22 19 10 6
34
32 1 12 55 42 46 14 30 50 57 52 23 29 10 58 27 45 35 19 54 10 54 4 45 7 15 39 8 31 36 31 18 55 35
78
7 13 10 8 21 26 21 3 9 4 4 23 8 23 19 20 5 6 5 18 15 20 25 12 15 6 12 14 8 4 21 20 20 23 10 10 8 15 16 14 3 13 14 23 16 22 25 3 20 8 1 11 21 19 21 26 22 1 1 1 12 5 7 23 17 4 3 1 17 17 1 7 15 1 25 19 18 6
94
10 7 3 6 20 16 3 12 12 20 19 1 13 21 2 9 2 2 6 13 21 11 7 3 4 18 15 17 9 20 3 19 15 21 15 6 14 16 21 3 4 6 18 1 18 6 16 1 19 16 12 14 22 6 7 19 8 15 2 13 20 13 17 19 14 15 2 15 9 9 5 16 2 8 16 2 13 5 11 1 16 5 3 19 10 1 19 21 1 2 3 12 5 11
72
3 26 11 1 20 8 17 9 19 26 15 25 6 5 8 21 17 17 27 21 7 22 16 20 6 21 2 3 12 16 3 24 27 7 9 20 14 19 14 24 10 25 10 5 15 25 21 10 7 18 15 7 25 2 10 21 19 6 10 8 7 10 3 5 18 1 6 12 20 6 28 5
100
5 20 20 12 11 9 11 10 4 3 4 11 18 19 8 6 14 18 8 17 19 20 7 7 17 20 20 1 1 1 20 10 9 12 8 6 13 17 6 20 9 5 16 19 9 6 12 6 14 2 9 9 14 12 1 1 1 18 3 16 20 7 15 18 20 5 5 5 1 17 12 11 3 12 15 7 16 12 6 12 6 14 16 12 11 8 9 2 5 5 12 1 9 17 16 5 15 13 4 2
25
48 59 57 25 64 71 52 54 38 23 15 45 45 39 62 64 58 32 18 80 72 33 53 9 7
61
14 16 21 9 14 28 8 29 7 27 11 30 10 30 13 15 9 3 19 15 28 17 31 20 2 19 24 26 19 27 29 10 15 6 3 29 28 7 1 32 21 33 20 21 21 4 2 11 28 19 13 12 18 15 4 28 8 28 21 13 19
21
35 1 38 95 48 77 79 43 29 26 83 45 73 86 23 84 11 70 52 72 42
87
3 3 23 2 4 14 14 12 22 20 21 14 14 4 22 9 11 13 20 14 16 18 9 17 18 7 8 17 23 20 5 13 8 18 23 23 19 15 18 10 10 12 2 21 13 20 19 13 12 1 15 12 20 16 2 11 1 2 14 2 22 13 18 14 18 15 19 1 23 5 15 1 13 21 12 5 7 18 18 3 19 20 19 12 5 9 16
2
546 291
61
30 22 4 24 24 29 31 28 13 20 33 31 22 21 13 9 11 12 25 27 14 27 21 17 11 12 17 12 25 20 5 31 15 33 12 12 6 14 30 31 27 14 4 7 13 7 30 31 4 21 11 10 13 22 26 11 32 7 29 16 5
8
191 99 189 231 24 211 83 234
100
12 8 18 9 17 14 2 8 10 7 13 1 20 9 5 14 12 16 9 13 14 19 2 11 10 18 15 15 2 6 14 13 8 7 18 8 9 20 12 16 10 2 7 15 18 8 18 1 7 5 17 14 15 4 18 15 17 2 20 19 8 10 15 13 6 10 15 6 7 20 1 13 14 4 18 19 20 16 8 18 8 18 16 12 17 13 16 3 2 8 4 12 13 17 11 10 9 16 2 19
10
9 163 131 117 88 51 93 67 120 128
100
14 10 17 20 10 17 1 13 6 15 16 10 17 17 14 9 18 2 1 15 2 16 8 9 13 2 5 5 19 19 13 11 20 14 4 14 16 8 6 19 4 18 2 13 7 17 17 5 9 8 20 3 18 4 18 4 13 14 4 16 5 4 8 12 1 7 7 12 19 9 2 4 13 4 12 1 19 20 4 17 13 14 2 11 12 5 15 17 9 1 1 12 8 8 5 15 13 18 15 6
39
17 4 38 44 22 6 18 39 47 47 35 6 7 46 19 36 25 33 36 38 10 8 16 7 18 40 50 15 38 14 34 26 7 8 1 31 12 28 30
43
7 27 23 33 46 38 9 26 20 35 14 21 16 15 35 28 44 32 43 43 31 16 5 8 7 19 39 26 43 6 43 8 42 22 18 37 14 34 39 15 5 3 11
64
7 9 8 17 18 4 9 12 16 1 15 4 18 5 24 6 19 24 17 10 12 19 21 11 2 6 24 16 29 5 26 19 20 16 5 21 25 26 11 21 16 10 9 29 20 26 8 17 16 6 22 11 12 19 1 1 28 18 17 16 18 24 29 13
11
104 39 129 51 45 118 29 130 160 68 142
55
2 5 20 1 8 30 13 17 30 16 17 3 21 15 8 31 12 31 12 27 15 32 11 6 6 15 9 3 12 16 32 24 26 27 6 31 19 33 19 17 2 15 11 11 26 12 27 13 22 22 11 9 13 10 24
51
9 9 22 27 24 33 19 9 21 33 11 4 4 37 11 22 32 39 11 21 12 20 6 24 24 10 16 7 26 29 16 15 40 21 35 5 21 1 3 18 18 28 12 32 21 37 28 3 19 23 34
66
23 6 17 27 15 26 22 2 10 19 11 28 21 8 29 5 4 13 14 7 17 21 3 3 29 22 7 18 13 21 18 7 13 15 20 1 5 5 5 29 16 22 8 27 29 7 24 29 9 15 27 17 18 1 18 22 26 4 21 24 16 20 25 29 7 18
