89
90
11 17 6 14 4 21 22 19 21 19 14 20 3 11 9 5 13 18 11 3 1 11 6 12 22 17 22 8 3 5 12 14 12 4 13 5 20 22 9 14 2 18 12 18 5 10 22 20 15 5 12 16 18 5 10 15 8 5 3 4 4 2 12 2 3 20 12 15 19 14 10 22 8 19 10 9 19 13 14 3 4 22 2 13 11 16 7 4 2 18
62
2 20 21 24 10 1 11 21 5 20 13 27 22 4 20 24 3 26 13 15 28 4 22 31 4 9 27 14 1 26 33 19 6 11 3 10 29 22 28 6 14 29 14 4 6 3 24 26 6 27 22 3 28 3 14 12 28 3 9 10 19 21
10
177 98 15 43 199 144 135 24 195 139
65
14 29 26 25 13 26 14 21 3 11 20 17 24 16 14 10 4 5 18 22 18 23 15 16 23 3 3 23 26 1 18 2 29 21 16 18 24 14 25 20 3 13 14 15 21 12 16 6 6 5 20 14 17 29 28 19 30 29 18 4 21 16 18 24 26
59
5 2 12 13 28 5 15 19 7 32 15 22 6 29 1 34 5 29 3 24 14 30 16 32 16 22 33 16 17 34 32 28 27 1 16 5 23 12 20 28 17 4 17 18 23 31 21 10 22 32 24 17 1 16 9 29 30 28 5
38
32 9 45 22 47 20 51 38 9 29 10 22 44 4 37 49 22 43 49 3 25 5 30 2 18 43 27 34 47 8 6 19 50 43 13 19 44 11
35
24 35 42 55 15 52 30 10 47 48 11 33 51 18 9 49 27 30 26 29 15 22 23 19 14 9 48 34 40 22 55 15 9 30 3
43
24 44 39 18 46 7 35 41 5 22 40 31 31 38 25 20 45 8 15 3 40 19 7 25 15 6 8 12 41 30 40 18 12 6 39 27 14 36 39 41 13 8 27
93
19 3 19 16 16 10 9 2 12 2 11 7 9 10 4 10 17 17 8 14 21 10 1 1 18 3 3 7 21 13 9 16 10 1 20 20 19 21 3 3 21 3 7 6 15 19 20 2 15 6 20 8 15 3 10 13 10 18 19 4 2 6 22 18 12 19 1 7 4 10 16 4 5 19 5 18 13 18 3 20 13 5 20 20 18 18 18 18 21 17 1 16 11
99
14 7 11 12 16 9 9 7 13 9 11 5 10 13 20 14 1 11 10 7 12 14 20 3 15 7 11 14 11 15 6 17 8 2 1 1 4 8 6 4 9 18 6 1 10 3 12 3 16 7 3 14 6 18 18 19 13 13 14 4 18 7 19 16 16 15 7 1 14 18 15 12 16 17 12 3 9 20 3 14 16 4 9 3 18 6 5 10 6 17 20 11 17 17 9 7 8 8 2
99
7 12 8 16 3 19 15 1 9 6 9 6 18 7 7 13 18 20 10 19 1 16 19 19 18 13 19 12 11 5 9 19 9 3 3 18 8 18 13 9 4 1 1 18 1 11 6 10 9 20 6 17 19 2 14 20 5 2 17 19 17 6 13 19 1 14 7 1 1 19 18 2 8 4 11 11 13 2 10 12 6 10 20 13 14 9 5 15 3 7 2 14 3 14 10 8 17 6 7
7
142 156 182 132 27 26 193
65
2 13 1 2 18 24 15 18 5 31 12 25 13 4 22 17 20 14 14 4 16 2 20 21 6 30 6 25 11 13 28 31 18 14 8 20 24 26 28 18 28 30 18 8 12 27 15 27 23 22 27 24 13 12 1 21 17 13 4 29 9 8 14 4 16
27
16 48 64 2 69 5 9 66 69 20 22 47 64 29 37 14 72 74 12 30 46 51 12 2 5 66 52
22
66 5 73 75 65 48 62 42 77 15 31 9 42 4 30 21 79 62 27 4 29 20
83
7 23 8 23 8 24 9 13 20 21 24 4 13 11 3 4 9 5 13 8 20 11 1 1 6 6 24 14 5 8 23 12 17 2 23 2 12 17 21 22 8 8 2 14 17 8 9 1 9 18 20 23 22 1 5 10 24 6 18 4 4 7 1 4 11 19 19 23 1 9 12 3 7 3 21 7 3 17 16 9 21 24 1
23
27 56 69 79 42 86 74 6 64 25 43 70 46 85 16 66 86 5 87 27 71 45 14
82
9 14 15 10 4 13 15 22 5 3 9 3 17 21 11 10 4 24 11 25 24 18 10 22 5 2 13 19 15 2 18 15 23 18 21 7 12 9 20 5 24 3 13 1 3 17 7 22 5 1 9 15 19 20 16 1 10 11 10 13 22 18 17 24 4 14 1 19 10 2 16 21 1 4 21 21 6 16 25 10 18 21
56
19 4 26 22 32 2 31 16 14 34 20 10 34 27 19 6 24 1 5 16 14 30 27 29 23 18 36 19 36 30 14 9 23 8 13 17 4 5 28 9 13 10 10 34 15 6 29 30 4 10 6 14 11 26 34 14
63
21 31 28 6 2 3 27 27 4 7 1 4 4 22 29 21 27 28 22 16 8 12 12 21 14 8 30 25 11 3 25 27 31 3 15 10 5 17 12 28 7 11 11 2 28 28 14 29 24 26 16 1 27 31 27 15 5 4 17 11 17 24 27
49
29 26 16 29 4 35 18 28 21 2 18 31 3 14 7 37 15 6 29 32 9 6 4 14 40 10 19 22 24 39 39 36 30 11 30 37 21 8 31 6 14 16 31 23 18 16 20 3 10
27
66 24 63 32 9 66 46 16 39 38 58 49 45 43 2 58 33 53 69 3 38 47 51 23 13 42 23
18
3 79 26 88 57 71 75 38 18 25 107 44 43 98 97 98 35 29
85
18 23 13 16 1 21 23 16 16 19 13 19 12 5 21 1 1 3 9 6 6 10 3 13 9 14 1 4 20 13 19 7 18 8 4 22 18 1 14 21 17 17 19 2 13 19 24 1 13 15 9 9 10 15 14 1 14 1 14 9 15 19 3 7 11 10 8 2 8 5 4 19 12 19 15 21 14 2 15 24 18 3 22 5 6
53
38 24 30 1 20 25 25 9 16 16 28 4 21 16 20 36 24 10 15 35 3 13 8 12 21 18 7 32 27 3 13 24 4 35 10 32 9 3 12 25 9 18 33 22 17 38 11 18 15 10 18 26 29
57
34 25 12 33 1 27 21 6 7 19 12 29 16 16 6 17 1 29 17 18 10 5 28 2 10 31 6 22 8 14 2 6 12 19 19 26 21 12 22 11 18 3 26 22 34 31 13 17 8 11 28 28 22 22 22 35 16
2
586 405
47
8 3 31 11 35 15 18 37 17 5 21 22 24 34 38 32 4 7 30 20 26 27 6 4 27 39 42 33 21 16 16 2 6 27 17 18 10 3 26 29 40 17 16 30 24 31 35
79
1 11 16 4 22 20 17 13 23 3 11 2 14 10 6 14 10 5 14 22 24 1 19 23 18 5 23 19 18 16 1 8 5 25 10 23 10 10 22 15 12 22 4 17 7 16 6 8 7 20 12 15 17 15 10 19 13 17 5 23 10 13 11 20 9 8 21 2 14 24 19 15 18 20 2 19 18 12 24
71
21 23 20 24 2 6 17 21 24 3 12 15 2 20 24 20 24 4 21 1 25 3 16 18 16 22 23 19 23 3 22 9 3 2 29 13 15 17 20 16 20 25 8 27 7 15 19 26 14 18 8 5 11 27 2 18 25 9 11 13 14 15 21 20 21 27 6 2 10 20 5
87
4 11 12 15 11 4 12 15 12 23 10 2 20 11 18 18 16 23 22 19 12 12 4 13 9 13 23 15 2 20 3 5 6 12 12 21 4 20 4 2 11 23 7 20 6 21 13 14 13 4 17 1 20 4 12 18 19 19 16 6 22 14 9 5 16 9 21 3 22 11 13 13 5 1 5 18 9 3 15 19 6 7 3 20 13 2 3
76
19 22 9 12 21 25 12 25 10 18 13 8 25 13 23 25 6 7 6 13 23 1 16 4 22 25 15 19 14 3 1 23 24 10 18 3 18 9 4 18 6 8 5 26 5 13 3 17 21 8 15 24 15 17 25 4 14 14 16 9 19 17 23 16 26 8 18 23 9 20 25 8 19 7 18 21
26
16 33 9 52 40 54 1 47 3 65 24 55 53 38 18 64 76 75 68 57 45 18 22 58 60 33
30
33 62 11 54 39 39 48 17 55 62 22 23 13 42 54 64 50 31 9 9 25 15 38 65 61 31 34 44 40 67
77
23 20 5 15 18 4 19 1 26 9 26 5 19 4 23 10 16 22 18 16 9 3 22 11 10 22 24 11 24 18 16 20 7 21 23 2 25 23 7 11 11 5 3 8 14 12 3 7 13 4 11 1 24 7 3 20 25 26 11 10 4 7 22 2 10 8 5 12 26 19 13 14 26 18 15 20 22
56
20 6 27 18 26 2 34 25 27 6 33 5 4 29 35 36 25 15 10 15 30 35 26 5 19 32 19 19 18 36 18 29 8 1 21 25 16 35 23 10 31 33 26 18 8 28 31 32 11 3 12 9 28 2 14 30
91
3 10 5 10 15 3 14 12 5 18 22 6 14 19 13 17 2 16 9 11 3 4 22 7 18 5 8 12 13 12 22 2 18 6 7 18 5 9 10 18 19 19 14 7 19 17 13 11 8 9 13 1 2 19 10 9 22 16 21 10 16 3 11 2 12 4 11 9 1 21 20 16 17 19 13 7 9 11 10 7 21 2 19 10 18 22 5 21 9 3 14
18
36 51 80 109 16 110 32 76 107 99 27 5 86 37 67 3 35 74
85
2 2 2 2 2 16 11 5 15 14 17 23 10 22 9 7 21 16 22 17 24 13 8 9 14 6 9 6 22 4 1 8 5 8 5 21 2 15 3 2 23 19 2 14 22 22 6 14 18 14 19 4 13 7 21 12 12 22 22 14 3 15 1 18 2 9 22 9 3 20 20 3 1 9 23 1 17 10 17 13 19 16 11 2 7
47
26 19 32 32 23 23 6 35 36 37 39 17 25 27 24 37 37 32 21 31 16 13 6 18 13 2 28 26 1 12 26 3 6 31 40 17 25 8 35 12 3 20 22 15 39 13 22
56
17 10 29 29 23 28 25 12 35 22 35 2 12 18 7 34 4 13 19 25 31 35 23 30 32 20 20 19 28 32 35 29 12 10 33 25 33 27 12 8 32 32 16 12 32 9 30 6 5 8 3 17 30 32 28 30
64
24 2 21 1 16 22 14 27 18 17 21 28 21 7 13 2 1 22 10 25 26 10 4 24 16 23 29 8 16 3 7 24 15 8 31 18 16 21 8 32 4 24 18 2 5 9 29 10 9 12 21 19 26 20 4 7 3 16 23 11 10 21 31 16
54
25 21 11 13 27 22 2 1 8 35 16 6 3 5 13 20 1 11 9 2 16 29 26 8 8 1 33 29 26 26 1 11 27 23 3 22 4 9 16 28 19 12 30 6 22 1 2 15 13 26 13 34 37 25
96
9 8 6 19 8 20 21 9 13 1 10 4 10 20 5 16 15 11 5 12 21 1 11 19 18 12 10 4 4 21 13 17 7 18 20 1 19 12 5 16 17 11 5 18 15 12 6 5 20 2 15 9 8 3 17 20 13 6 3 21 18 21 15 5 8 3 4 6 6 13 15 5 1 5 6 13 3 8 3 9 13 21 14 7 18 10 7 10 18 1 1 14 3 15 21 4
75
14 26 13 1 17 24 23 11 16 26 17 10 24 27 17 19 7 19 21 9 9 10 8 7 15 3 12 12 9 25 8 5 12 17 17 1 25 6 17 21 10 11 6 11 18 10 22 23 3 12 27 5 24 9 17 11 20 6 12 26 15 7 14 12 11 15 17 9 26 24 13 8 8 17 23
2
476 613
45
42 2 38 21 21 5 2 36 28 35 9 26 26 27 37 44 33 10 42 36 8 36 11 20 18 19 28 8 43 6 19 1 44 43 8 6 19 12 24 3 36 23 18 31 26
20
33 51 33 22 93 62 34 29 93 41 57 42 77 11 47 12 88 42 14 98
100
7 19 19 13 15 5 1 3 12 18 11 1 12 9 2 17 9 7 7 13 14 10 19 12 2 6 13 18 5 10 6 15 13 3 17 10 17 13 19 2 15 4 18 11 19 19 9 14 6 17 11 17 9 2 2 8 4 18 8 15 7 12 7 9 8 13 4 13 10 4 9 9 2 12 15 16 5 12 3 9 19 11 9 1 3 20 2 5 12 6 17 1 2 16 15 20 1 7 3 13
72
8 17 14 11 18 28 6 25 21 28 18 3 19 7 6 2 16 27 27 25 4 4 21 10 23 3 9 27 21 21 6 20 21 14 25 23 24 22 11 24 28 4 27 15 1 21 11 2 17 18 15 20 15 26 15 23 17 2 2 14 3 12 9 14 20 9 25 26 5 13 10 2
61
1 20 29 28 4 3 18 8 23 31 23 18 7 27 21 24 20 28 4 13 5 6 13 29 3 20 5 8 15 18 1 31 17 22 9 18 7 5 17 24 9 9 17 14 7 29 32 32 1 16 28 26 30 26 5 9 16 9 1 27 31
57
9 15 20 18 16 35 5 23 4 29 4 16 24 15 19 3 3 15 22 5 35 15 22 11 12 31 29 6 12 14 23 27 23 15 6 24 36 2 31 32 5 35 17 20 17 22 13 25 1 1 11 18 15 31 19 4 12
84
21 12 10 24 4 15 20 1 20 23 13 7 23 1 2 10 19 14 5 9 15 20 12 11 20 12 11 5 17 11 4 17 22 24 8 23 14 20 21 13 23 18 22 7 22 7 11 17 13 21 19 11 3 1 2 13 8 22 13 14 5 1 17 16 11 19 14 6 1 7 23 8 8 1 23 12 6 4 6 23 3 19 17 11
58
9 6 33 2 23 5 15 24 1 5 28 2 2 3 21 13 32 10 23 21 1 32 21 7 31 27 5 2 7 10 34 9 24 11 6 17 10 6 33 4 9 21 12 26 29 4 8 12 33 12 9 21 12 8 17 25 17 27
1
1838
47
23 7 26 6 41 40 25 35 27 12 22 10 36 28 6 6 35 21 31 37 3 7 36 38 17 18 38 4 26 1 36 3 21 13 8 17 25 43 36 35 19 8 20 18 28 26 14
54
4 19 31 14 8 1 31 20 1 34 28 34 20 26 21 28 10 38 22 9 5 17 21 6 23 16 4 13 24 4 34 2 8 13 37 2 6 13 29 32 30 24 20 1 16 15 13 36 28 35 7 17 9 12
83
20 7 14 14 8 5 3 14 10 11 11 7 8 7 2 8 1 20 2 24 13 22 14 19 13 17 18 4 3 11 10 20 24 10 22 2 18 13 21 17 8 22 11 7 22 2 4 22 5 10 5 21 9 7 23 16 15 6 11 14 12 14 18 19 8 19 21 17 17 10 21 23 12 7 19 23 9 14 11 9 15 13 24
53
12 14 16 23 27 17 7 24 24 31 28 20 18 27 20 37 33 11 6 5 8 2 10 36 13 18 19 1 30 25 33 4 26 28 14 15 2 32 23 30 29 36 25 22 14 12 27 1 1 21 26 10 32
45
24 16 43 44 9 7 25 15 42 6 10 29 44 13 22 2 6 6 36 10 21 17 27 27 11 19 31 37 7 17 7 38 31 39 3 18 40 18 19 24 31 37 34 38 31
51
40 5 18 23 32 15 19 4 7 4 36 3 11 8 16 22 31 2 4 17 8 24 26 11 3 33 15 17 39 21 25 24 38 24 39 34 36 7 20 8 5 9 6 29 19 23 20 15 35 36 32
96
13 20 8 7 18 8 21 1 21 1 13 1 6 13 19 13 1 15 9 17 5 15 18 3 19 8 2 17 12 5 8 8 15 12 3 20 18 11 5 17 2 9 12 17 9 3 9 18 20 20 16 17 19 14 10 7 18 12 4 11 9 21 19 10 7 13 12 4 11 8 12 5 2 6 1 7 12 19 5 16 4 7 4 6 9 12 14 11 16 7 18 2 2 15 13 4
7
206 46 119 162 235 222 170
86
21 3 5 6 10 22 5 19 19 20 18 12 3 24 1 12 14 21 17 6 2 1 5 19 23 1 19 5 22 12 21 5 18 15 23 2 2 3 3 18 4 13 14 23 2 6 14 8 1 12 7 23 15 16 2 15 20 1 19 19 6 18 4 4 17 2 13 17 8 4 11 12 18 19 20 8 1 14 19 20 18 3 11 6 11 15
28
3 36 1 58 22 21 44 46 18 56 63 43 5 42 58 12 62 23 12 50 31 13 27 60 36 51 64 41
95
11 13 15 21 14 2 7 20 12 12 20 13 21 18 17 18 7 21 7 16 15 3 17 16 19 2 9 11 1 3 14 14 13 19 2 7 17 14 12 4 13 7 7 16 6 13 6 8 9 8 2 6 9 2 18 12 11 20 14 9 2 21 1 1 19 5 4 19 1 10 4 18 3 13 16 13 15 21 17 11 9 4 8 2 20 12 12 11 18 11 7 19 10 13 13
26
28 54 67 52 69 27 34 13 19 70 32 63 39 38 7 74 47 32 6 18 2 77 38 59 5 10
1
777
26
48 11 28 72 15 28 5 51 66 50 1 51 17 73 51 8 16 1 2 61 74 39 35 57 55 14
17
84 4 104 83 49 41 43 95 53 27 40 2 80 18 76 105 11
55
22 36 19 10 19 18 18 33 20 24 35 3 31 11 9 30 5 34 17 30 24 36 33 35 28 5 25 3 7 19 20 10 1 30 3 1 2 32 30 27 35 4 12 6 10 16 20 33 16 37 35 2 25 15 32
80
8 14 17 2 19 3 2 8 25 23 17 13 4 14 18 15 18 18 13 2 7 19 19 20 21 9 4 23 12 6 9 6 22 17 23 9 1 12 3 19 5 24 6 8 12 16 8 19 13 1 6 25 11 22 7 24 11 7 8 21 11 9 17 3 9 9 25 6 21 10 5 21 19 16 20 10 18 12 10 10
49
41 24 28 35 39 12 28 5 9 40 8 25 11 8 33 15 19 2 27 23 17 21 4 32 11 38 31 23 28 41 33 22 11 28 1 9 38 15 19 33 30 8 27 5 34 36 26 19 39
57
27 15 25 34 28 30 3 2 4 23 25 22 18 7 11 11 29 8 12 19 14 28 15 28 12 23 34 6 18 23 35 13 27 22 14 1 31 34 18 16 27 35 21 10 10 8 7 31 31 19 18 32 22 11 14 32 31
90
6 14 17 17 18 7 10 16 11 17 16 7 10 14 9 17 1 17 12 8 12 6 18 12 3 3 15 16 14 3 20 19 2 21 12 9 11 8 7 23 9 16 7 22 15 21 9 11 13 5 22 13 17 16 1 20 3 6 8 19 1 4 19 5 18 9 4 6 13 7 12 8 6 9 19 21 4 3 12 16 13 18 18 14 13 12 7 7 14 13
41
47 46 10 14 33 45 5 28 42 47 44 43 21 34 9 45 42 19 10 19 3 10 13 47 38 16 34 18 18 28 38 16 14 24 36 19 36 1 37 25 6
67
5 4 22 2 26 27 3 22 13 18 9 21 5 30 24 25 2 22 16 12 12 27 23 13 20 12 3 1 27 9 25 6 16 14 25 2 9 25 13 28 15 22 19 9 5 13 29 2 11 23 22 5 27 26 8 13 6 4 3 30 21 5 30 14 12 27 2
36
37 23 1 36 10 49 5 49 55 54 21 39 24 33 5 44 41 26 42 3 45 36 52 52 17 23 34 5 56 54 12 32 42 25 36 38
90
3 5 18 9 9 20 1 14 19 6 19 7 21 12 19 18 17 12 21 3 17 11 15 5 19 19 13 7 8 1 19 14 2 13 19 15 22 16 15 12 13 5 16 3 17 6 1 6 21 3 19 10 20 22 8 14 3 3 7 4 8 20 2 10 17 10 13 8 21 18 7 18 13 8 4 4 8 15 14 9 18 7 21 5 14 17 12 1 19 9
32
56 45 7 56 21 28 13 18 30 8 58 54 48 12 44 4 45 34 56 5 5 9 1 5 36 30 56 58 55 16 58 7
49
19 13 14 5 18 39 28 2 15 10 3 18 35 11 33 27 7 30 35 20 3 7 3 4 24 5 36 38 11 6 21 26 36 39 41 26 20 36 40 8 25 11 27 23 11 39 21 8 27
95
17 4 8 19 1 19 12 7 7 21 7 12 10 1 15 2 10 13 5 8 2 14 6 5 2 4 21 11 15 1 3 17 17 18 20 9 16 8 15 14 3 15 18 13 16 2 16 14 17 21 4 3 18 20 6 19 11 8 20 6 8 7 1 5 1 6 9 16 9 21 9 17 21 20 7 7 14 7 14 4 5 14 11 12 17 14 15 1 14 15 1 17 19 19 8
7
275 265 115 253 210 236 20
35
8 50 27 47 8 56 13 7 58 47 52 54 54 46 3 32 20 4 17 3 44 57 34 17 42 50 31 13 16 46 28 15 2 36 29
54
12 5 12 32 28 17 34 14 11 3 30 19 21 5 1 2 2 19 17 31 30 31 29 16 35 4 6 32 25 25 19 18 6 1 26 27 22 20 25 34 6 20 12 37 12 37 34 20 1 17 3 5 11 24
36
42 26 29 21 55 29 51 28 19 46 20 36 3 8 23 52 35 41 7 51 38 51 33 50 49 32 17 56 3 36 6 50 43 49 28 34
54
15 23 27 33 21 14 14 16 1 14 17 35 26 35 34 23 8 30 13 3 19 31 20 18 18 24 8 7 29 22 29 10 11 13 30 32 6 21 16 20 33 15 2 21 17 14 17 17 2 19 32 37 33 3
67
19 27 28 28 7 18 28 18 3 10 23 29 13 2 12 12 22 4 21 19 20 6 7 16 11 3 26 5 6 5 17 24 13 4 12 19 30 26 29 16 15 21 24 21 18 22 10 7 12 28 1 25 1 17 13 5 21 27 28 21 13 5 1 1 19 3 13
54
25 26 13 11 13 27 28 35 6 29 31 18 23 2 7 16 6 6 9 9 3 8 13 14 32 23 14 33 3 33 4 22 13 16 33 32 29 10 32 32 19 29 29 36 19 24 11 37 19 29 15 10 29 5
