106
45
25 11 42 30 34 30 1 32 4 19 9 13 23 16 25 27 25 9 34 29 36 36 13 21 15 29 4 27 20 18 27 26 23 2 29 41 15 5 4 29 45 9 32 5 41
44
8 28 19 38 43 20 26 21 46 29 12 7 27 33 21 20 26 11 33 25 5 20 15 43 14 17 44 1 27 25 18 38 14 20 37 30 7 32 23 29 18 42 37 4
71
2 23 6 8 25 27 18 1 24 16 4 7 1 21 4 2 25 25 17 10 10 17 18 16 19 10 23 19 2 28 20 10 4 15 3 15 28 27 13 15 11 5 9 5 15 8 4 27 18 18 4 16 14 27 28 8 28 25 21 13 26 9 12 3 26 24 26 23 19 28 5
61
13 13 31 32 31 29 25 29 14 2 29 6 2 31 30 3 30 13 8 20 5 28 22 8 6 14 2 2 29 8 9 32 4 13 23 19 26 3 12 5 27 1 29 10 22 14 31 16 24 13 16 30 25 4 29 13 26 32 6 23 3
79
24 22 11 18 3 10 13 10 25 14 19 20 20 15 17 14 5 23 25 8 4 11 5 6 7 11 21 11 7 8 19 9 15 13 18 5 13 2 16 16 26 4 7 21 3 8 20 19 17 16 18 26 8 25 13 6 22 17 2 6 24 16 7 16 25 5 11 20 15 5 8 22 25 4 5 8 24 11 11
46
16 25 7 41 42 29 5 43 8 24 13 36 41 1 4 3 10 15 3 35 37 15 36 13 21 34 24 44 34 22 8 41 43 4 4 1 41 2 33 2 5 27 17 35 15 33
45
45 8 7 21 3 37 24 36 23 19 27 28 45 11 10 24 8 14 30 41 4 11 24 10 38 19 20 45 41 7 4 22 9 41 2 24 20 19 14 3 29 43 41 40 36
11
43 115 3 9 166 173 11 154 60 143 163
35
24 43 13 39 8 1 53 31 23 37 33 7 55 35 54 44 7 29 25 53 9 4 36 38 23 39 51 25 33 39 8 12 11 30 2
9
165 208 1 63 135 119 59 64 103
72
21 24 17 5 24 16 1 5 25 16 5 4 16 11 15 12 26 23 22 27 21 28 26 14 1 3 9 4 24 2 28 17 1 22 22 10 22 8 6 16 2 13 16 28 19 14 1 20 26 6 2 3 15 9 27 10 15 6 28 10 17 4 11 3 23 15 14 5 16 19 18 19
28
51 36 63 30 35 19 48 63 52 9 67 5 37 8 25 9 17 51 2 10 16 71 12 11 46 51 50 41
34
39 23 42 33 54 42 21 45 43 48 35 11 41 24 33 53 7 22 5 13 21 23 51 10 50 50 58 2 23 2 28 13 2 48
64
19 20 24 31 18 7 9 5 25 32 18 8 5 4 11 14 1 15 12 16 2 23 10 7 12 14 30 1 3 20 5 18 3 9 7 16 8 9 21 5 29 28 16 26 22 3 26 30 18 4 17 3 12 16 32 3 26 20 8 5 20 10 15 11
13
5 48 126 4 15 106 89 74 119 63 94 50 87
75
18 10 26 23 26 20 10 26 10 22 1 9 20 10 13 20 8 13 14 14 9 10 24 10 7 10 21 21 24 25 2 4 3 15 25 13 15 21 10 15 12 13 18 8 12 16 3 17 20 6 17 7 9 4 5 8 4 20 5 5 10 23 12 25 23 5 21 13 2 27 17 16 17 10 7
20
47 21 21 14 16 66 73 81 89 34 16 3 5 61 71 63 19 100 5 43
24
71 38 69 45 26 54 67 77 24 70 10 39 51 3 8 34 72 41 43 63 29 14 79 29
33
8 30 48 44 52 21 7 39 38 55 32 29 58 14 25 59 11 25 35 23 40 51 31 33 21 22 11 51 21 53 10 51 45
27
45 1 71 41 51 32 12 8 27 21 14 15 57 48 4 43 53 33 22 45 19 35 47 67 35 43 60
2
513 727
87
1 12 17 6 2 12 11 3 7 13 8 14 12 5 4 21 14 4 4 12 20 14 22 5 7 11 9 1 8 6 19 1 10 22 20 5 3 14 12 2 11 11 4 6 19 20 11 4 23 2 3 9 13 15 9 10 7 12 1 21 3 7 1 17 3 15 16 22 6 9 14 8 18 18 10 2 8 15 8 8 14 7 18 12 4 8 4
86
9 4 15 3 6 21 8 12 4 21 8 12 5 13 14 12 11 3 14 22 16 10 10 7 1 8 18 9 13 13 19 23 6 16 22 19 15 23 7 15 15 18 13 20 18 16 8 5 15 23 7 9 19 20 6 15 6 11 21 9 8 3 1 7 21 5 14 9 11 19 10 10 21 14 4 23 5 15 11 7 20 21 9 20 3 18
53
18 13 6 11 8 26 11 4 24 2 13 19 2 30 12 14 32 27 38 11 14 35 11 20 30 18 3 16 2 15 36 9 36 2 9 10 2 27 4 34 11 33 22 38 15 27 12 24 25 24 12 33 26
99
1 11 9 4 6 4 12 1 10 15 11 6 11 9 6 13 19 19 12 5 9 13 2 17 20 19 20 11 10 15 17 2 17 4 12 5 6 4 15 9 16 3 7 17 17 3 1 9 5 12 7 7 17 6 11 7 8 17 6 14 11 8 14 11 19 13 15 18 12 11 19 5 6 20 3 5 17 1 17 17 10 11 6 2 14 1 20 11 4 14 9 2 3 2 19 2 18 2 16
93
12 11 17 7 12 10 2 4 13 9 5 8 14 5 1 13 9 19 9 4 1 22 1 19 6 2 10 2 6 2 20 3 20 19 9 5 3 16 4 20 20 2 14 12 12 19 5 20 17 8 16 5 4 4 4 5 14 21 18 15 15 5 11 18 3 13 12 17 13 3 17 4 1 9 4 10 20 16 17 13 12 8 3 3 3 11 19 4 17 16 21 22 18
13
23 45 94 132 89 125 94 121 84 104 11 28 66
54
36 35 3 20 22 34 18 25 5 29 30 30 19 21 9 32 24 18 15 19 11 10 16 4 32 30 21 3 16 32 5 34 1 10 17 25 33 5 8 37 24 12 4 10 31 5 5 28 1 5 34 7 6 21
46
19 22 4 2 25 23 39 25 29 6 6 24 28 40 2 10 14 31 3 19 6 40 1 30 16 20 19 43 35 12 40 16 7 42 12 16 24 34 11 8 3 12 32 20 5 17
7
221 158 270 186 272 27 158
59
1 32 18 33 28 25 22 24 26 4 21 10 3 1 3 27 24 28 6 20 4 4 15 34 18 10 13 11 33 7 19 20 26 13 8 32 5 13 9 34 21 32 9 9 31 10 25 12 21 7 17 31 8 31 6 20 10 17 14
47
42 35 32 14 2 30 4 14 21 5 18 39 11 16 11 31 17 26 5 30 35 16 17 37 3 31 31 11 10 34 31 35 42 27 12 6 33 14 5 31 29 4 8 35 32 32 29
48
14 21 12 38 22 39 4 3 31 23 36 20 18 7 8 36 8 25 12 12 35 35 11 11 6 41 32 41 41 9 12 26 32 34 33 4 34 16 25 36 28 9 3 27 24 9 24 24
1
1465
84
4 2 13 11 16 12 5 24 23 16 14 24 22 12 23 14 6 11 8 7 9 22 18 3 20 16 17 8 7 23 1 5 23 20 8 11 3 20 1 11 13 11 23 23 2 1 16 16 23 19 10 20 11 7 11 9 9 9 8 11 5 10 3 1 20 21 16 4 13 7 10 17 10 24 2 10 18 17 6 16 23 16 9 16
19
3 50 47 82 39 32 75 71 50 94 55 37 90 42 105 88 102 71 66
4
272 138 155 434
97
13 3 21 18 13 18 10 9 19 20 17 19 1 16 12 21 2 4 15 7 19 13 8 9 15 12 20 1 1 8 18 16 6 9 19 15 16 13 5 18 7 14 6 4 3 13 7 17 17 3 11 4 5 17 3 14 19 16 8 21 4 7 10 4 15 2 2 9 7 7 16 5 2 15 11 20 9 12 20 18 15 6 4 7 18 4 7 19 16 17 19 10 15 5 15 18 18
8
149 78 229 69 22 8 120 23
9
192 163 188 98 90 20 198 70 139
81
12 19 3 2 2 22 16 17 15 25 16 12 21 3 20 8 22 23 13 22 19 3 11 17 19 20 9 2 16 9 1 17 2 4 8 7 17 10 7 9 5 22 13 13 19 9 21 1 10 17 2 8 15 7 21 4 4 9 6 17 1 24 25 10 11 25 4 5 17 14 1 15 11 10 16 5 20 17 14 24 5
27
40 41 7 63 35 61 49 24 17 71 66 29 35 36 18 19 44 47 42 72 52 54 22 16 7 5 58
10
145 17 200 72 43 35 178 67 183 34
61
26 11 7 20 1 19 26 4 24 1 32 16 33 15 4 17 1 5 23 5 10 18 30 18 5 18 8 22 22 32 2 17 21 20 25 25 29 15 30 16 24 28 16 21 9 25 33 30 20 20 11 5 2 11 4 11 28 4 11 30 1
72
3 28 28 19 12 24 15 13 13 13 24 18 17 4 24 5 18 9 10 16 18 25 9 13 12 20 23 18 15 12 21 7 17 4 16 1 25 17 27 14 1 26 27 27 3 27 15 10 21 1 17 20 21 1 10 28 5 26 8 9 20 23 9 2 3 11 18 22 16 11 24 22
73
27 14 25 10 12 17 6 17 19 5 27 8 22 27 25 11 27 21 17 18 18 8 11 10 18 20 12 9 7 21 4 28 26 4 26 11 23 17 21 16 19 15 22 17 20 1 22 21 16 11 24 13 2 26 10 13 2 12 21 11 6 14 20 16 28 4 7 1 7 14 15 15 2
3
358 144 651
33
49 11 18 16 40 22 54 55 16 17 33 12 26 58 16 49 36 2 4 57 39 16 8 48 20 21 10 38 8 19 49 31 14
12
15 128 43 151 138 122 52 127 75 15 125 159
75
12 3 15 21 17 24 8 24 25 23 20 25 2 6 13 7 14 19 3 5 13 19 15 11 24 24 13 26 23 24 1 21 16 18 26 8 21 26 19 21 17 12 13 25 4 5 7 1 9 9 1 10 6 6 25 5 7 2 25 5 19 9 15 4 11 21 25 14 26 9 21 21 18 7 27
45
19 8 21 40 38 30 28 17 31 20 36 21 28 23 10 41 16 26 22 27 23 11 15 30 17 26 14 44 7 39 13 18 33 43 14 39 38 36 14 2 20 37 13 13 28
23
27 65 49 77 33 25 53 20 87 16 83 57 61 19 13 55 32 39 1 10 84 83 76
55
3 12 1 12 1 13 14 20 3 18 18 33 10 35 18 15 9 30 2 28 36 20 12 2 12 28 3 22 37 20 15 27 33 8 18 29 8 28 37 19 1 32 25 19 2 13 6 8 7 34 22 19 27 13 6
15
23 16 7 9 5 133 31 78 17 108 117 83 8 10 96
43
6 7 38 10 45 1 26 25 7 13 36 37 26 22 30 7 19 28 23 19 3 11 19 9 9 1 26 5 9 31 19 21 9 4 42 41 2 22 25 19 4 1 41
30
7 65 17 46 23 18 37 45 16 14 35 44 41 28 59 49 33 30 53 7 67 25 1 4 37 47 6 6 5 27
94
1 2 2 15 8 2 7 4 14 19 21 11 12 7 1 1 17 20 11 1 16 21 21 20 17 20 7 12 17 8 5 16 14 8 7 5 10 4 6 7 8 1 7 2 6 10 2 7 20 12 4 1 6 20 15 3 5 8 12 10 14 11 13 19 18 15 4 14 6 6 18 2 13 5 8 16 11 10 7 16 5 19 10 22 6 16 20 19 13 9 6 21 14 15
99
16 4 17 1 6 13 2 11 2 10 20 3 2 6 3 9 13 4 19 1 19 16 11 1 9 3 3 15 1 13 7 6 9 16 11 7 10 9 7 3 3 21 17 16 14 6 2 2 4 8 8 20 6 17 13 13 13 3 20 3 13 12 11 2 13 3 7 2 8 18 18 15 9 20 18 12 13 15 18 15 6 13 3 8 18 15 1 1 12 18 8 2 12 1 12 4 12 9 18
93
6 7 19 17 13 20 7 10 7 19 20 17 21 13 15 12 18 4 14 18 10 12 14 2 13 18 2 19 6 22 4 22 13 11 3 20 17 18 14 10 15 21 18 11 10 17 20 16 3 19 20 20 21 9 16 12 9 10 4 14 12 1 12 19 8 10 18 10 19 11 21 13 12 20 17 22 21 2 8 8 16 17 12 3 11 20 4 8 12 12 5 18 16
18
102 82 36 21 46 76 34 66 3 96 74 105 26 79 55 77 64 58
18
80 3 25 62 43 34 94 14 9 18 79 2 6 78 36 75 65 7
72
22 18 22 11 28 28 27 16 3 17 6 21 14 14 24 3 26 5 16 5 25 12 26 7 4 25 22 12 15 19 23 23 5 23 5 22 3 22 18 6 25 26 25 11 10 12 23 20 6 7 15 27 14 24 1 25 28 19 25 3 8 12 3 27 25 4 19 7 18 17 19 17
99
10 9 3 18 13 2 3 21 19 1 16 3 9 14 8 20 20 14 18 13 2 3 15 19 14 13 19 2 20 7 20 8 5 14 6 10 6 6 15 2 21 20 1 15 11 18 9 20 2 20 2 1 15 18 1 19 21 1 17 18 19 2 21 11 16 18 8 19 13 17 12 20 1 6 15 8 14 16 12 4 7 8 6 2 3 9 3 1 1 16 3 2 19 18 17 2 13 8 21
57
33 18 4 13 3 21 4 14 11 24 6 31 23 9 15 22 31 21 27 35 22 30 18 3 22 6 26 18 32 28 5 11 17 7 14 21 24 17 35 18 21 31 17 26 32 15 35 29 32 27 26 30 11 11 33 27 8
68
23 5 4 20 1 29 6 12 28 28 3 2 3 24 29 7 28 25 21 4 13 10 12 18 5 13 17 8 15 1 3 29 2 28 22 29 6 11 22 13 16 6 3 15 17 2 12 12 25 19 29 23 9 29 18 2 17 12 3 29 15 18 19 23 17 14 29 18
82
15 9 4 18 14 5 2 1 10 21 12 13 23 8 21 7 16 11 23 23 1 20 1 20 25 23 23 17 18 7 19 7 24 23 5 19 13 16 12 24 22 7 21 16 5 15 16 8 18 5 22 16 24 5 16 15 1 18 14 14 4 10 22 25 7 19 18 18 7 2 5 17 3 7 9 1 20 1 22 16 17 6
2
14 302
59
27 15 34 22 19 22 21 8 14 7 25 9 31 15 3 14 27 17 15 18 24 30 8 6 5 31 27 32 5 19 23 12 19 11 4 30 21 25 22 10 17 16 32 33 17 18 32 10 22 3 17 19 8 9 11 11 22 4 27
92
20 14 5 22 16 9 19 8 13 7 4 12 3 22 14 15 20 20 3 10 16 2 16 12 1 7 19 7 2 19 16 8 1 22 12 9 17 10 7 9 19 5 2 1 10 14 20 10 4 19 15 2 6 4 11 17 20 5 9 19 15 21 14 2 6 14 10 8 2 20 11 22 14 3 1 16 7 22 13 5 16 2 19 22 16 19 17 18 19 4 15 13
83
1 3 24 16 18 15 5 13 3 23 6 6 16 6 14 4 6 1 21 19 1 23 20 23 13 7 24 2 20 6 22 3 16 22 15 1 12 13 1 18 13 5 9 15 12 4 5 22 13 8 21 4 15 6 7 24 4 22 10 22 10 15 8 21 12 1 9 18 18 14 8 15 5 19 16 5 21 6 3 18 15 4 7
21
45 50 34 9 30 3 60 47 43 71 47 77 63 63 46 91 85 83 55 6 69
36
24 43 47 39 11 46 1 34 20 32 16 34 30 19 1 46 44 31 49 14 50 36 10 25 29 14 56 4 31 48 8 25 50 1 5 11
87
10 21 20 3 7 16 15 15 14 8 6 18 13 15 17 8 1 12 20 23 11 3 3 20 4 12 15 21 22 11 14 12 10 11 4 9 9 19 13 1 15 12 12 19 10 9 12 11 14 11 14 8 19 21 8 10 19 6 7 19 9 22 20 15 20 17 8 6 4 1 10 16 6 17 2 4 23 3 19 21 13 5 3 7 11 8 13
61
6 32 1 9 22 12 16 25 31 16 5 33 4 13 18 25 5 30 29 18 30 31 16 30 25 22 2 19 26 30 6 23 21 3 24 17 7 3 18 12 22 18 2 26 7 29 23 21 21 10 8 21 2 6 18 28 13 22 21 14 21
97
8 9 5 13 6 1 19 13 7 8 14 17 10 8 13 9 4 12 21 10 3 2 1 7 5 1 9 12 18 19 8 1 19 8 3 9 13 15 17 4 6 2 18 8 11 2 4 9 17 20 18 18 7 17 5 16 18 19 21 11 20 15 12 19 1 4 20 1 11 17 16 3 15 1 21 1 2 19 12 1 7 17 11 11 11 13 15 11 6 14 21 18 12 13 1 14 1
1
824
95
18 1 11 3 18 19 8 15 13 6 11 16 13 16 18 18 4 3 16 1 17 11 10 10 20 1 13 7 18 17 5 11 14 9 18 18 9 20 11 8 7 5 21 11 22 7 12 19 19 19 1 10 20 7 6 2 15 21 3 1 4 14 3 19 5 13 11 7 15 11 15 14 15 10 6 8 11 5 15 20 9 6 18 1 11 17 15 12 1 3 4 20 5 20 11
33
15 5 15 11 42 20 33 44 47 5 14 19 39 52 58 22 23 41 61 55 16 42 23 21 33 23 5 33 39 44 54 54 10
36
11 54 8 27 52 41 24 25 45 46 8 23 14 18 35 8 46 43 4 5 32 18 45 14 46 56 34 29 50 34 28 16 3 22 4 6
15
86 98 132 130 132 69 122 78 106 119 93 106 50 52 53
61
5 29 16 3 6 22 24 2 6 21 14 25 21 30 26 17 13 4 20 5 21 25 13 13 23 3 14 21 28 13 32 22 14 19 4 5 8 15 12 28 15 12 20 6 10 19 19 7 29 8 17 4 18 29 7 18 9 2 15 13 5
48
8 8 10 10 17 41 19 7 23 10 22 22 16 20 14 14 8 36 29 36 5 5 9 16 2 36 27 28 25 40 14 4 18 24 25 36 38 24 42 40 21 5 9 39 23 16 40 35
37
51 41 1 33 3 5 45 50 17 10 36 1 11 6 35 43 40 50 13 30 48 11 37 6 40 38 20 9 20 1 9 21 49 38 51 33 52
47
12 27 17 31 7 13 4 38 9 21 8 3 1 1 11 3 33 30 9 10 31 41 42 6 36 19 28 2 30 42 21 34 23 26 38 42 16 8 25 41 1 6 10 26 19 41 20
52
14 29 27 13 9 9 19 31 22 27 13 32 2 23 9 4 24 4 32 39 21 23 17 32 1 14 39 20 36 13 18 31 6 23 22 21 23 8 3 18 18 18 17 30 23 20 7 38 12 21 7 31
55
15 15 35 19 15 9 27 17 16 21 9 11 30 19 2 19 33 28 14 32 35 22 7 14 10 19 11 33 4 29 11 18 31 6 29 10 26 3 24 11 13 15 18 16 33 35 11 31 22 35 2 28 8 1 25
36
54 16 20 15 1 15 45 45 33 22 46 46 9 17 32 27 51 1 12 51 8 38 49 33 11 9 41 52 26 24 9 8 2 20 18 8
3
322 569 212
75
1 6 11 23 27 21 6 1 10 15 7 22 19 4 11 25 24 12 25 23 14 20 19 3 24 26 27 23 3 1 10 14 20 25 21 11 12 20 19 13 8 3 19 16 24 10 25 17 25 6 7 15 24 18 5 15 20 6 14 9 19 2 12 14 19 26 3 21 10 2 22 3 7 7 1
21
25 59 85 13 70 94 89 82 3 52 88 43 15 6 77 54 15 29 33 79 63
63
30 4 13 21 30 25 11 32 29 28 5 32 11 2 24 16 26 31 23 25 32 27 19 20 19 23 9 24 7 22 9 15 12 29 11 12 31 5 10 8 32 21 9 30 14 13 13 27 21 29 17 24 1 31 11 27 1 4 20 12 8 23 20
83
17 16 13 5 18 6 7 17 6 5 16 21 24 3 10 3 13 24 5 11 21 4 22 22 8 7 10 14 19 5 20 9 12 4 5 8 8 18 11 4 17 12 24 24 10 20 23 2 7 20 20 13 14 12 18 17 24 5 10 6 7 3 13 8 16 7 14 17 18 22 17 14 2 8 19 15 17 20 14 4 4 5 22
65
12 29 18 11 13 24 27 3 3 18 20 17 29 4 30 14 29 4 14 28 27 7 23 11 10 26 6 21 13 4 17 4 26 9 17 20 10 18 9 21 25 20 19 6 7 19 7 17 2 3 22 23 21 20 22 15 11 29 7 27 18 28 29 14 22
75
3 2 19 14 19 26 6 26 22 4 9 20 1 5 9 23 9 5 10 10 7 17 18 10 8 9 21 5 11 1 18 5 9 11 24 5 4 19 10 3 14 26 22 26 1 3 23 17 22 6 14 19 14 7 18 16 10 7 24 6 4 13 10 8 21 5 8 22 10 4 22 5 27 24 4
62
23 24 9 14 16 3 14 24 15 17 6 11 30 25 7 24 9 30 25 1 24 4 3 23 5 1 16 10 26 8 9 7 20 7 20 28 20 15 13 13 13 10 25 24 5 13 26 18 6 13 22 1 25 3 8 10 16 6 28 12 24 6
60
18 24 18 34 12 18 32 6 19 11 28 30 1 11 31 19 23 12 9 14 2 25 31 6 22 29 18 7 9 4 7 8 32 3 20 1 22 30 10 27 31 31 27 3 5 4 6 21 15 8 25 30 18 25 1 16 33 23 7 18
82
3 2 9 19 10 19 7 14 7 10 10 1 8 2 9 16 3 7 16 9 16 17 6 19 3 5 1 3 6 8 20 20 4 8 15 20 11 17 20 24 21 13 19 2 1 13 7 13 24 19 15 10 10 10 23 12 18 3 21 4 21 17 14 7 1 19 9 19 6 12 20 14 20 19 2 3 22 23 16 16 11 16
96
5 2 19 10 7 1 12 10 4 6 6 1 16 21 21 12 9 21 6 9 10 16 8 4 1 4 11 1 3 1 8 14 4 15 9 20 8 15 20 3 6 17 4 8 18 13 9 11 8 18 4 9 5 1 3 6 1 11 17 19 4 2 14 2 11 4 19 14 20 7 15 6 8 15 3 10 3 8 7 1 10 15 6 11 17 12 4 14 10 14 14 1 7 8 4 15
91
14 22 16 10 11 11 8 14 15 20 20 18 8 4 8 7 9 6 10 18 3 14 13 15 11 8 15 7 2 16 16 1 13 5 2 15 16 20 20 12 13 15 1 14 15 20 16 4 11 6 9 17 12 19 20 14 18 5 6 13 14 10 16 6 8 22 10 21 10 8 8 20 11 6 4 14 11 10 5 20 1 20 8 16 18 3 16 7 9 14 6
37
40 39 24 41 52 40 3 11 14 2 3 49 43 47 47 20 11 21 20 47 30 3 17 35 39 35 26 31 6 30 48 17 8 8 23 51 15
21
82 57 76 2 92 80 34 65 82 57 64 68 88 80 89 93 90 17 44 28 23
55
29 29 3 28 21 14 31 7 8 7 30 15 10 36 26 21 21 19 18 9 32 27 35 20 20 22 5 16 34 5 14 28 29 30 25 15 7 32 37 24 7 31 30 14 30 18 20 23 35 9 22 22 32 29 4
28
28 11 71 46 16 13 63 44 27 69 6 67 58 38 7 71 54 48 25 43 62 53 61 64 61 24 11 11
19
78 29 45 30 98 56 100 14 74 55 37 66 39 70 9 65 57 35 86
58
27 15 7 9 2 16 16 9 23 15 29 31 24 21 11 30 7 25 8 10 13 15 28 16 6 12 31 6 24 23 10 15 4 28 27 12 17 28 10 20 24 14 3 19 8 25 18 11 34 4 3 30 8 30 1 21 1 25
74
16 18 15 24 9 25 11 5 12 7 18 6 19 4 9 14 21 7 12 23 14 22 19 23 23 8 21 21 5 3 3 2 16 22 8 7 3 21 25 12 3 13 6 12 3 26 16 18 27 26 23 15 5 4 24 13 18 18 12 9 11 12 5 26 26 14 19 11 19 16 3 2 18 8
