169
32
48 46 53 30 43 59 59 12 19 48 35 50 36 48 26 51 43 42 44 23 50 5 46 54 34 60 50 35 62 8 63 2
45
22 9 26 25 14 29 20 29 41 28 24 44 42 18 34 12 23 43 8 20 2 22 37 18 1 40 29 1 3 16 15 44 40 7 5 14 2 35 23 34 23 24 29 1 45
131
1 10 12 7 13 3 13 10 15 1 13 14 7 4 13 13 8 13 5 9 3 13 5 14 5 4 14 3 1 8 4 10 13 13 8 6 8 1 1 5 13 11 1 3 7 8 11 2 8 5 12 6 2 13 8 13 7 8 5 10 14 8 1 15 9 11 2 12 15 13 9 6 2 7 15 15 8 14 2 14 6 15 15 15 4 15 4 5 9 5 11 14 4 5 13 7 1 7 2 14 2 13 12 12 13 4 9 10 5 4 7 12 2 12 6 10 15 4 12 9 10 2 6 7 15 7 5 6 3 2 11
39
3 40 12 50 24 6 21 19 49 1 39 40 20 22 48 28 50 43 2 37 11 51 40 26 19 20 32 31 20 38 34 22 26 8 14 46 17 10 13
135
9 4 10 9 3 3 10 8 13 5 14 11 10 2 10 9 12 6 11 12 7 12 12 9 9 14 8 8 14 9 15 8 9 1 6 7 8 2 13 13 8 2 12 4 14 7 10 14 3 1 11 12 14 8 13 10 5 2 9 13 10 14 5 8 14 2 11 15 4 9 11 11 10 10 12 12 14 13 6 14 12 12 1 6 4 9 4 12 14 12 6 4 14 10 11 11 13 2 5 11 15 12 5 3 7 10 2 9 5 8 8 6 9 15 11 6 13 8 10 11 13 2 11 11 14 15 5 3 12 5 12 15 10 8 2
174
1 2 12 6 6 10 3 11 12 1 3 11 1 9 11 3 11 3 7 6 7 11 2 3 11 10 1 3 12 4 2 9 6 7 5 4 4 8 10 7 4 2 8 10 11 3 6 9 8 9 2 9 11 2 4 10 10 1 7 11 7 9 10 10 10 11 11 3 7 7 9 7 8 2 11 5 12 6 12 4 7 7 2 3 2 10 5 10 6 8 8 6 3 1 3 4 5 9 12 5 4 7 1 3 1 8 11 6 1 1 1 6 12 3 8 7 2 4 8 12 8 1 11 6 11 2 4 3 8 9 9 10 3 12 10 1 9 10 5 4 7 8 3 6 7 5 11 12 8 9 8 5 11 10 2 9 8 7 9 11 1 8 11 3 12 6 5 10 2 3 2 7 3 6
36
31 21 19 30 28 10 21 25 48 26 21 44 31 46 20 14 13 39 27 3 15 19 53 50 22 12 16 31 36 25 55 52 18 45 16 42
117
13 9 3 10 14 15 8 10 5 11 14 2 1 4 1 2 3 12 5 10 13 15 17 3 16 1 14 11 1 15 13 14 4 4 9 7 7 4 5 11 18 2 15 3 6 3 1 10 14 1 2 15 7 9 9 2 15 7 2 9 17 16 15 1 9 5 3 5 6 12 12 4 10 16 11 17 4 7 8 14 10 11 15 2 11 1 8 14 6 4 3 2 15 15 15 5 1 6 2 8 15 1 15 3 5 7 11 15 9 15 7 6 5 7 6 11 17
40
26 3 25 23 8 30 27 36 27 32 46 40 48 5 21 50 3 47 43 4 48 27 35 37 15 27 24 25 27 35 8 32 28 43 39 48 38 36 34 30
2
890 167
197
8 5 1 1 8 10 6 9 8 2 7 2 10 6 10 10 5 1 6 10 7 4 2 2 3 10 8 4 4 8 9 9 1 3 8 2 8 10 9 9 10 2 11 2 3 1 8 3 5 8 7 3 4 7 10 5 10 2 4 3 3 2 6 1 1 8 9 9 4 8 9 10 8 3 7 3 6 3 1 1 8 1 7 6 1 2 5 4 6 6 7 7 6 5 9 10 7 4 3 7 3 8 10 9 6 6 6 5 8 6 10 5 6 7 9 2 4 5 6 7 4 9 3 3 5 6 10 3 6 5 8 5 3 10 3 2 3 6 2 10 8 4 3 9 7 3 6 6 10 2 3 4 6 1 2 9 1 5 3 1 3 2 10 1 10 7 10 7 9 9 10 4 2 3 5 5 1 6 6 1 8 3 9 1 7 10 1 6 10 5 8 10 1 4 4 6 10
193
8 3 8 2 6 9 4 9 4 4 4 1 7 2 9 5 2 1 3 11 4 3 1 5 3 5 3 10 1 2 2 7 3 3 7 8 1 2 7 10 8 1 2 3 7 9 7 9 4 7 6 9 4 9 3 8 7 3 4 4 2 4 10 4 11 2 10 10 7 7 7 1 6 9 4 10 11 6 1 2 1 6 9 6 2 3 3 7 10 2 2 4 2 1 6 9 3 6 10 5 9 4 8 9 9 8 5 5 10 10 9 1 2 8 10 5 1 3 3 4 5 4 6 9 2 10 4 9 4 10 10 9 5 6 2 7 10 7 4 3 2 9 9 3 1 10 6 4 10 6 5 1 2 1 6 9 6 6 1 2 5 5 6 7 3 7 2 1 1 7 4 1 9 10 6 6 3 3 10 7 4 3 3 5 6 2 2 7 3 6 5 9 1
95
16 14 6 13 9 3 14 11 12 6 9 2 5 15 4 11 15 11 3 14 18 15 10 12 10 21 8 11 21 5 10 2 2 12 11 17 3 18 12 7 7 4 13 21 18 6 10 13 10 12 1 17 17 1 21 21 1 16 1 21 19 17 9 5 12 13 20 5 19 14 7 6 2 3 3 3 13 10 8 19 10 8 13 21 16 18 16 10 1 9 16 2 13 9 14
91
20 21 9 21 8 9 18 18 22 19 18 7 19 17 15 21 4 10 2 3 21 7 16 5 10 2 2 10 2 6 15 5 2 22 1 11 5 19 11 13 10 12 5 13 22 16 8 4 9 6 13 8 22 2 13 1 16 7 5 8 9 22 16 1 18 19 18 5 15 15 7 13 13 9 21 20 13 17 2 5 18 20 20 15 16 13 3 9 4 13 16
119
17 16 11 16 10 16 11 6 11 10 3 10 15 16 12 1 14 7 17 13 15 11 5 11 17 15 16 1 14 8 11 6 13 7 8 4 14 12 10 4 14 3 7 9 5 10 2 17 17 9 1 10 2 9 9 17 6 11 13 1 5 13 9 2 4 5 2 14 15 4 3 1 15 17 8 10 1 7 16 2 4 4 1 15 3 8 10 14 15 17 10 9 10 2 1 5 5 15 4 3 10 10 7 7 13 16 12 14 17 8 5 17 6 15 3 4 4 2 11
116
16 15 8 12 12 5 8 9 9 1 9 16 14 17 3 15 2 3 10 14 17 15 7 6 9 5 9 11 9 11 3 11 16 12 15 6 12 2 1 10 9 15 15 6 14 1 10 18 11 5 16 16 9 1 5 3 15 5 9 12 15 12 13 4 14 7 14 14 3 1 11 7 2 10 3 11 6 4 3 7 3 13 15 12 7 12 14 6 7 15 11 13 2 13 10 4 17 5 8 5 1 16 12 2 1 6 14 7 13 3 13 13 5 4 17 10
99
8 18 6 5 6 20 19 8 3 14 12 16 5 3 11 9 16 14 9 18 6 18 11 6 3 19 6 10 11 12 13 13 16 19 5 18 4 2 4 14 18 13 18 6 3 19 3 2 10 19 1 9 13 3 15 13 11 12 3 11 11 15 4 15 11 3 18 3 10 16 5 9 18 8 9 19 4 1 19 4 15 14 3 14 5 8 1 11 16 19 16 17 18 4 2 16 17 17 19
31
28 43 34 39 65 59 14 22 56 10 63 2 17 26 55 5 8 10 55 55 6 12 54 57 20 47 53 29 40 21 24
61
26 20 5 7 18 27 15 7 27 7 17 17 16 1 21 2 29 12 13 8 31 11 7 12 19 18 29 12 26 15 12 18 15 21 2 2 23 21 1 8 18 9 19 15 20 18 6 30 26 18 11 10 30 21 2 22 30 31 13 18 28
73
15 20 26 12 22 5 9 13 5 14 19 17 11 28 21 12 14 13 10 13 7 21 18 1 22 9 8 28 20 22 20 19 15 18 11 25 5 9 20 27 19 14 7 4 3 6 15 9 2 17 26 15 11 20 20 12 25 4 2 23 10 2 15 2 8 15 20 4 25 11 17 25 11
8
141 56 133 130 132 239 127 223
123
5 10 14 16 7 15 7 6 7 9 16 6 15 8 3 8 13 8 16 12 12 15 12 1 5 14 2 8 9 3 11 15 6 7 5 16 15 3 15 5 4 14 7 8 14 8 6 12 15 12 2 15 7 9 4 5 16 9 13 7 9 4 5 10 14 11 3 2 2 12 7 2 6 7 15 1 16 13 12 7 6 1 7 1 1 7 10 2 2 16 16 9 4 3 12 9 1 13 14 9 1 3 16 1 1 4 16 7 7 6 6 3 10 3 1 2 6 14 16 1 5 9 7
51
16 27 28 6 24 37 34 20 37 26 2 39 15 34 21 10 16 26 17 2 31 34 8 5 29 26 15 31 9 34 10 23 33 10 35 3 16 11 34 24 39 17 13 18 5 22 8 34 6 16 15
184
9 11 10 6 4 8 4 11 6 1 8 2 6 10 9 4 5 1 6 11 1 7 8 5 8 7 9 2 8 2 2 3 3 8 5 9 9 8 6 10 10 4 1 9 10 9 2 9 3 1 4 3 9 4 9 10 10 7 1 3 1 3 2 5 6 8 3 5 8 7 7 11 3 10 8 3 9 6 6 11 10 8 10 11 7 9 5 8 6 4 3 2 11 8 4 10 9 4 2 4 3 4 8 3 6 5 9 2 6 6 9 10 6 1 6 7 6 11 11 7 10 11 2 7 7 1 10 4 4 9 2 9 6 9 5 2 3 7 4 2 8 11 2 9 3 7 3 2 10 11 4 9 3 4 6 6 10 3 7 11 7 8 5 5 8 4 3 11 1 11 4 11 5 3 11 10 9 6 7 3 9 3 4 11
128
13 14 14 11 8 15 9 13 5 1 7 2 1 2 1 11 9 11 10 2 10 1 2 14 8 2 2 4 6 15 16 8 14 7 1 6 1 12 2 12 10 8 11 13 14 2 14 16 11 11 1 6 10 14 3 7 11 11 5 2 4 14 3 13 16 7 3 3 14 12 15 8 12 6 15 8 3 3 15 12 14 16 7 7 12 3 10 2 12 11 12 4 4 9 3 9 16 4 14 7 6 13 10 7 12 8 7 11 5 1 3 1 14 10 6 12 11 8 2 10 15 15 16 3 2 10 11 8
153
2 5 13 3 6 6 2 8 6 10 3 2 8 7 10 2 14 3 6 3 8 9 11 6 9 9 14 9 8 7 7 5 11 7 2 5 2 4 8 11 12 4 3 11 8 3 4 8 11 11 10 8 6 3 5 2 10 8 3 1 3 2 11 6 12 1 9 3 5 9 4 9 8 1 6 7 12 9 10 3 3 1 7 5 11 1 6 2 13 9 11 2 2 5 7 9 13 10 2 6 6 5 12 7 5 13 7 8 6 7 9 1 2 1 5 7 2 11 11 5 12 3 13 11 13 3 13 10 4 10 2 6 8 9 5 5 12 10 12 13 5 6 1 1 10 2 6 10 5 9 1 2 4
16
33 41 28 118 27 73 75 89 105 82 54 48 84 70 68 115
112
11 7 17 15 5 17 13 4 6 6 3 15 1 4 1 9 13 1 1 15 7 8 3 3 13 12 14 18 5 1 15 17 5 4 4 2 14 15 14 18 14 17 11 18 12 1 10 15 12 10 18 6 5 9 18 8 15 11 1 18 8 1 5 13 5 8 9 4 3 8 5 10 11 13 1 16 8 6 6 6 10 14 12 1 10 5 13 18 17 9 13 1 3 13 16 17 9 11 18 4 12 4 6 16 6 2 7 14 6 16 12 11
40
34 3 30 45 12 1 20 44 45 2 40 30 9 1 34 21 45 31 11 30 32 5 50 49 50 16 24 37 32 44 37 4 2 24 32 1 46 42 25 2
179
4 11 5 8 11 5 12 6 2 7 4 2 11 6 8 6 7 4 2 10 10 7 9 1 11 8 9 6 4 1 6 9 1 3 6 1 7 8 10 8 4 11 4 11 2 3 4 11 12 9 3 8 4 3 11 10 11 6 3 11 11 1 5 6 3 1 10 8 3 2 3 10 7 10 11 11 5 10 3 5 4 11 6 10 4 4 5 8 3 3 1 7 8 11 7 10 1 6 2 5 2 4 10 1 2 8 3 11 9 10 10 10 1 6 6 4 11 7 8 1 10 7 8 11 5 7 7 1 6 4 8 11 2 8 11 1 1 5 7 5 3 4 11 7 5 2 9 7 2 11 10 2 6 9 2 2 5 1 5 8 11 5 4 6 6 4 7 1 9 3 5 4 6 11 8 1 10 10 4
24
73 74 77 71 74 31 36 55 25 30 26 29 19 40 83 23 53 16 32 33 8 53 18 5
167
6 11 9 8 8 4 1 3 3 10 4 2 1 6 9 12 12 12 6 7 7 9 6 11 10 11 4 5 1 12 7 1 2 11 6 1 11 7 1 1 12 10 12 12 5 11 2 10 11 8 4 9 6 12 4 10 1 12 2 9 12 1 9 5 2 1 1 9 11 7 10 7 1 5 4 1 10 5 6 2 7 5 12 2 9 4 1 5 9 1 10 4 4 3 8 3 2 6 12 4 6 9 9 11 3 6 2 7 9 6 2 6 1 3 5 7 11 11 6 12 6 2 4 2 10 6 11 3 1 3 9 8 7 7 9 9 10 5 7 3 8 8 2 10 4 7 9 12 2 2 4 10 8 4 9 2 5 5 4 12 8 1 5 12 2 12 3
160
3 7 8 4 13 10 2 4 7 5 5 1 5 1 4 3 13 1 9 1 7 8 5 1 3 12 5 11 12 5 7 2 8 6 10 4 5 10 4 1 9 11 2 1 4 5 7 11 10 5 5 3 5 11 7 8 5 8 10 8 6 6 6 11 4 4 6 7 11 6 9 12 1 6 2 11 2 6 3 3 6 6 9 4 3 9 7 2 6 1 5 2 11 2 9 6 4 2 10 10 4 6 11 8 12 5 3 2 3 4 5 8 13 10 5 13 2 9 1 5 2 10 7 11 8 7 4 10 10 1 8 9 9 12 11 7 12 9 6 11 6 1 3 5 2 5 5 2 10 10 5 9 2 11 9 9 1 4 8 12
12
96 68 136 43 69 72 155 113 93 97 34 98
63
24 3 29 13 18 7 25 21 28 1 31 21 28 23 20 27 28 12 27 18 3 8 22 2 31 20 18 23 5 16 12 27 17 5 21 4 30 2 9 27 25 13 12 11 13 15 19 31 27 31 20 31 22 6 22 20 31 7 9 14 13 23 4
111
14 7 6 12 16 7 2 18 17 3 17 14 13 6 6 15 9 5 13 6 17 8 17 7 5 6 8 17 11 10 17 15 9 12 16 15 17 9 4 5 2 7 5 16 17 14 12 5 14 4 9 16 18 18 8 14 15 7 3 7 5 5 2 12 7 10 5 2 10 13 1 6 11 1 12 8 1 10 4 16 11 7 4 10 12 7 16 8 4 2 6 14 3 17 1 12 15 16 13 5 10 18 6 4 17 1 18 1 6 2 9
90
17 13 10 3 9 4 12 13 19 20 17 5 8 22 19 8 2 6 19 16 9 12 14 1 14 10 17 16 12 17 3 5 15 6 8 10 19 18 11 19 11 18 8 14 18 21 22 22 4 13 13 21 21 11 10 16 5 15 13 22 17 2 14 15 15 22 6 17 13 4 14 14 16 8 20 10 1 21 20 9 20 19 19 12 13 12 21 7 2 10
99
3 16 18 10 8 18 7 7 13 12 1 20 6 4 20 10 5 18 19 20 4 2 3 1 8 10 13 13 6 21 18 21 17 20 4 10 13 5 2 2 2 2 16 1 15 11 2 5 8 4 3 19 3 10 4 2 19 19 21 5 14 11 5 3 17 1 11 20 18 12 17 20 7 15 13 1 11 10 15 15 15 11 18 2 18 4 15 13 19 7 11 20 1 14 7 2 8 16 20
130
14 11 1 8 6 1 12 13 3 15 8 14 14 6 10 9 5 6 1 6 8 3 15 7 7 4 7 3 9 16 8 2 8 8 1 5 12 5 4 8 11 14 16 13 11 10 10 16 3 13 3 8 5 10 3 6 7 1 12 7 11 5 5 13 8 15 9 4 13 1 8 5 4 11 3 11 9 6 9 5 4 15 12 5 6 3 15 3 4 4 8 3 2 12 8 2 6 3 5 12 6 9 8 14 7 13 9 13 10 12 9 15 14 5 9 7 6 6 9 3 3 15 7 6 9 13 10 12 8 1
27
22 61 39 23 52 32 42 25 65 40 67 23 65 72 45 22 15 52 63 25 39 42 1 69 29 10 73
131
15 10 10 14 13 3 9 6 14 3 14 1 13 3 5 4 2 6 4 4 2 3 10 11 1 9 3 1 9 14 12 13 9 5 1 9 9 7 12 1 5 9 7 3 5 15 1 11 8 5 12 5 3 1 10 7 11 13 6 7 11 16 8 9 7 16 1 12 5 15 13 8 3 14 14 15 4 16 10 15 16 12 10 1 1 14 10 6 2 8 10 10 10 6 15 7 14 12 11 9 14 9 12 14 3 9 11 5 5 3 13 6 7 14 8 5 10 5 9 15 6 11 6 4 10 6 6 5 11 5 3
165
9 5 7 4 8 8 1 10 9 4 11 6 10 10 6 7 4 7 11 12 10 10 2 10 8 1 1 10 2 12 5 12 12 9 11 8 9 8 1 10 2 6 12 7 12 8 10 3 9 1 11 3 5 9 7 5 5 6 6 3 9 11 5 5 12 9 11 11 9 5 4 11 8 1 6 3 1 12 6 1 4 7 2 6 12 1 4 11 2 8 5 8 7 3 3 3 13 8 6 1 8 3 12 7 8 1 3 5 3 10 2 2 6 10 4 2 8 4 8 8 5 6 1 12 2 10 8 1 11 4 5 11 8 3 1 5 12 1 10 8 9 7 7 5 11 2 11 1 8 9 9 12 6 7 1 9 4 9 3 10 3 1 5 8 10
162
5 2 4 13 10 8 2 10 6 3 2 10 7 11 13 7 12 4 12 7 1 5 12 8 10 2 11 3 3 4 11 10 4 7 5 1 9 3 8 11 10 10 5 1 3 12 4 3 4 8 1 7 3 3 1 1 9 8 7 1 1 7 10 5 11 8 4 2 7 5 3 2 11 13 5 11 4 10 3 8 5 11 6 11 6 11 9 5 6 11 2 12 7 7 3 8 13 3 10 7 13 8 9 8 6 6 1 3 1 12 3 11 11 2 13 5 13 2 6 7 3 5 5 1 10 10 11 10 7 7 12 5 8 8 8 2 1 12 4 12 11 9 6 11 10 9 1 8 11 3 12 11 8 12 10 2 2 11 5 7 13 4
143
2 4 9 6 8 9 13 5 13 11 14 8 3 2 9 8 4 8 8 14 2 4 14 8 8 11 10 3 13 9 13 9 8 7 7 7 2 7 5 14 8 4 11 7 9 13 10 8 10 1 2 5 14 4 4 5 14 13 13 8 9 4 14 10 9 2 4 9 2 12 9 10 1 5 12 13 11 7 10 9 14 9 10 13 14 2 10 8 2 10 13 6 1 7 11 7 3 13 1 6 13 2 14 1 14 2 11 7 10 5 7 4 12 14 12 5 1 13 13 12 9 1 9 11 6 5 4 14 1 12 4 2 5 13 3 1 4 2 13 5 3 4 14
133
11 2 9 5 8 10 15 14 11 5 1 5 6 10 1 14 11 6 9 11 8 4 5 12 13 11 11 3 4 6 4 1 9 14 11 6 4 10 7 7 5 1 3 4 2 14 13 6 3 14 12 3 6 13 4 15 9 5 2 9 8 1 11 15 12 14 11 8 15 7 7 15 7 14 14 9 1 2 3 5 3 14 4 11 5 11 1 3 13 13 2 7 13 7 3 11 10 9 11 5 14 9 10 5 15 15 2 5 8 5 11 12 13 14 5 10 8 5 2 14 6 9 6 1 6 9 15 12 7 2 9 11 11
106
5 17 3 16 4 10 12 7 14 11 9 7 6 15 11 6 9 17 19 1 14 8 7 12 17 7 9 3 15 17 1 11 7 4 9 1 8 7 1 7 17 17 9 8 4 10 11 2 1 17 2 2 7 5 13 1 5 6 9 17 18 17 3 10 8 13 15 12 11 16 12 5 16 18 16 4 7 4 19 5 5 7 13 9 4 1 7 6 6 6 4 1 14 7 9 18 13 13 18 6 13 10 17 2 6 10
195
7 9 3 1 10 3 7 3 7 8 10 7 8 10 1 8 8 2 5 1 6 7 6 4 7 9 6 6 7 2 7 9 7 9 9 1 9 7 1 1 1 9 9 9 3 7 10 6 7 6 7 7 10 10 1 3 5 1 7 6 10 2 2 9 6 3 4 3 1 4 1 7 10 2 5 9 9 8 9 5 2 9 6 5 3 10 7 8 2 8 10 8 7 6 5 10 7 7 10 1 5 5 6 5 6 6 7 8 7 5 1 4 7 4 8 5 10 7 1 5 6 9 10 4 9 11 9 3 3 3 2 2 5 11 11 9 9 4 3 9 3 1 2 11 2 4 4 10 5 7 10 6 3 7 3 1 2 6 7 3 4 6 10 2 9 8 4 4 5 7 8 9 4 2 1 9 6 4 9 7 2 8 9 1 5 9 8 7 3 8 2 8 4 10 5
135
11 13 14 10 9 5 14 2 2 10 9 13 8 15 15 7 7 11 13 11 8 11 15 6 10 10 8 12 14 4 15 14 2 6 3 5 15 3 6 7 14 10 11 6 2 1 12 7 13 2 12 4 7 10 15 3 5 5 4 11 5 5 7 7 14 9 12 6 10 7 13 3 7 15 14 14 8 1 1 10 14 15 12 15 11 4 4 1 6 6 6 15 2 8 15 1 14 1 15 10 4 14 1 15 6 10 7 8 3 1 2 6 11 11 14 4 7 12 11 15 14 1 3 1 1 13 10 10 6 2 9 4 15 3 13
138
4 9 15 7 1 6 13 10 4 14 14 1 15 12 4 2 2 13 5 13 8 8 13 8 7 1 7 15 7 15 5 8 15 13 9 10 15 13 13 14 5 15 4 7 15 14 4 4 7 11 12 4 13 9 11 2 3 5 6 9 14 5 3 14 1 3 7 6 2 11 13 4 13 13 5 2 12 8 11 2 9 6 12 1 15 7 7 8 8 3 3 15 5 2 2 10 13 14 6 15 5 14 1 4 13 12 8 1 3 8 6 12 8 12 9 12 2 8 6 7 4 3 10 12 13 10 4 11 13 2 7 9 1 12 13 9 9 4
187
8 8 3 2 8 3 10 10 5 4 7 8 8 7 2 6 11 4 10 4 8 9 11 3 10 3 4 1 3 3 9 5 10 11 8 8 9 10 8 4 4 10 8 3 1 6 10 1 2 11 1 3 5 3 9 2 3 1 6 3 1 10 9 8 9 8 7 5 10 7 10 2 6 11 2 5 10 8 4 6 9 6 9 8 11 6 8 1 11 7 7 7 7 5 8 11 7 8 1 5 5 8 11 11 7 6 1 9 8 7 8 3 9 6 3 10 5 5 11 7 9 3 1 2 10 9 6 7 10 9 11 6 1 2 1 10 3 7 9 9 1 10 3 11 1 6 6 9 2 9 3 10 1 9 4 9 8 2 3 4 1 10 6 1 9 3 10 9 10 3 10 6 8 4 9 5 10 6 11 5 4 7 1 10 6 4 7
18
86 81 4 69 89 23 83 12 22 13 92 101 102 31 109 52 26 21
158
10 3 12 12 8 7 5 7 9 1 9 2 7 10 3 7 7 11 6 10 11 10 5 5 8 2 13 12 7 2 1 6 10 4 3 9 6 1 9 7 2 8 6 7 12 6 12 4 4 11 3 6 7 7 3 8 11 4 3 11 2 11 11 4 7 12 6 7 10 5 5 13 8 6 8 12 11 7 7 9 5 3 1 1 6 3 5 13 8 2 4 11 12 3 1 2 1 1 8 6 10 5 1 5 6 4 6 1 11 7 1 3 8 7 1 10 9 7 4 11 3 8 12 3 2 12 12 8 2 10 9 13 11 3 7 6 9 5 2 12 10 3 5 10 13 11 6 1 8 7 4 9 8 8 7 2 13 5
149
1 5 12 11 8 13 5 8 1 8 8 10 3 1 5 11 13 13 4 4 3 1 10 7 6 7 8 12 3 5 8 12 1 1 6 4 2 10 4 8 6 12 3 6 2 14 12 12 11 9 5 11 10 10 8 2 2 10 10 9 10 14 13 9 14 8 3 7 5 7 14 12 13 1 6 13 3 1 14 1 7 10 4 8 2 13 5 3 8 4 10 4 1 4 8 7 10 7 11 1 4 7 11 11 14 3 5 5 12 11 12 6 12 2 3 8 4 1 2 14 14 12 9 3 11 12 13 13 1 7 8 12 5 11 13 10 3 5 14 4 1 11 8 12 8 10 7 3 8
196
7 4 9 4 4 3 7 1 6 10 8 6 7 8 11 2 10 5 7 10 1 1 8 2 3 1 4 6 3 3 10 1 7 10 1 6 9 2 2 7 8 5 4 1 5 10 4 1 3 2 9 2 7 6 7 10 3 8 7 1 7 6 6 3 10 4 9 7 4 11 2 8 5 1 4 1 7 9 3 6 7 8 8 5 2 2 5 6 10 9 8 9 3 10 4 4 8 2 1 2 9 4 6 7 3 4 2 8 10 4 10 8 9 4 4 2 1 2 10 9 1 3 4 9 2 4 2 3 10 8 4 6 10 9 5 7 1 7 5 6 5 6 2 3 2 4 8 8 8 6 8 6 7 9 9 2 3 8 1 4 10 3 9 9 4 10 7 9 2 4 10 10 4 6 4 4 2 1 8 3 10 2 5 7 2 6 9 4 3 9 4 5 10 2 10 11
161
9 10 11 5 6 10 7 7 7 13 11 4 9 3 2 7 8 1 3 6 9 2 4 10 13 4 6 7 5 10 3 2 4 1 9 10 12 11 4 4 1 5 5 13 11 5 11 3 11 10 10 7 1 8 2 5 4 10 1 3 9 13 1 4 1 6 12 11 7 1 7 12 5 6 6 4 7 12 8 4 2 7 12 4 1 3 8 6 9 12 5 10 6 10 12 7 12 10 8 10 2 3 12 2 10 6 11 12 8 5 3 6 5 12 9 1 5 4 11 4 1 11 9 7 8 5 12 1 6 4 5 4 7 1 5 8 5 2 2 8 2 2 9 10 8 5 11 9 5 2 6 5 8 12 10 11 11 5 3 9 8
55
29 4 12 34 19 21 11 19 21 10 31 29 7 27 30 33 1 15 14 8 23 25 21 21 35 17 7 21 25 32 24 29 14 26 25 12 14 16 23 33 13 2 14 9 17 10 9 35 13 34 2 4 20 6 24
104
8 7 20 7 8 2 20 3 7 14 9 12 15 16 6 3 18 8 1 11 6 18 9 7 9 10 19 11 19 6 13 17 12 16 11 14 19 1 19 18 5 5 18 3 5 6 17 10 15 2 6 13 7 15 9 5 13 18 8 4 9 9 13 10 11 5 16 10 18 4 9 12 16 9 13 4 17 19 10 11 7 14 15 10 7 2 7 11 7 12 18 7 20 5 13 9 9 4 5 2 6 17 10 1
23
28 50 74 35 68 76 13 19 36 55 60 51 51 83 2 60 86 5 33 74 9 47 85
91
2 15 19 18 21 13 4 22 21 17 7 22 17 15 15 19 1 10 7 6 3 16 20 18 15 15 21 21 17 1 7 2 5 10 21 15 19 3 1 1 20 22 17 16 4 16 12 17 6 17 2 3 4 17 13 17 11 18 15 17 22 21 9 2 15 12 18 15 2 8 6 15 10 17 20 10 19 11 1 21 15 17 18 20 19 22 17 2 13 13 17
177
8 12 11 1 12 3 11 6 3 7 4 4 5 6 1 9 10 5 7 11 7 7 11 10 2 10 5 4 9 10 4 10 5 11 7 4 3 7 7 4 11 3 7 8 4 10 10 1 11 3 11 2 8 7 5 8 9 1 9 5 6 9 12 5 5 4 8 11 5 1 4 8 11 5 12 7 6 8 5 6 11 11 11 3 6 3 11 6 8 1 7 1 3 6 9 8 6 4 3 5 2 4 3 4 11 1 1 2 6 1 8 2 4 3 11 6 10 1 9 2 4 4 3 4 5 6 8 9 1 10 3 1 12 11 1 5 11 1 11 5 5 5 6 6 7 6 5 9 6 9 4 5 8 2 9 8 5 9 11 10 10 7 9 2 7 3 7 2 2 11 7 7 3 5 4 11 1
10
135 190 165 85 50 88 140 189 168 78
173
9 6 9 5 6 6 1 10 6 1 11 3 8 7 5 5 7 1 7 8 9 1 3 7 5 3 8 7 9 1 7 5 7 11 3 7 7 7 3 5 11 4 11 11 5 4 8 8 10 12 4 11 11 3 11 1 11 9 11 7 10 8 7 5 7 3 10 9 6 3 7 3 3 8 10 1 2 6 4 10 1 11 10 9 3 2 10 4 8 3 5 3 9 1 2 9 5 8 5 3 3 7 12 4 3 9 10 5 5 1 2 8 9 9 1 9 3 4 7 2 4 8 7 4 12 11 8 3 6 8 10 9 5 5 5 7 7 2 7 10 7 4 10 10 10 9 6 5 1 4 10 5 4 10 7 10 2 6 11 4 2 7 1 9 9 5 5 9 2 8 10 7 8
154
7 12 4 2 1 7 4 1 6 9 12 10 5 7 1 7 5 9 2 5 10 1 1 9 3 7 2 6 9 4 10 7 5 1 7 11 10 9 7 4 9 1 8 4 13 8 9 13 10 13 7 4 6 10 10 1 10 2 11 4 9 2 5 10 13 9 5 7 10 13 4 9 4 13 3 11 1 13 9 5 1 10 10 7 7 5 13 4 7 12 7 7 5 8 8 13 8 11 8 2 3 2 3 4 4 10 4 10 1 7 12 10 10 11 11 7 10 1 10 11 6 13 13 11 3 1 9 8 1 8 6 2 11 5 4 6 8 2 1 9 9 5 10 7 1 13 2 13 1 13 4 11 1 3
131
3 4 13 11 11 5 4 10 5 1 6 1 8 12 10 11 4 1 8 15 11 3 10 9 4 13 9 8 15 1 13 1 3 2 9 6 13 12 3 5 7 11 12 8 11 12 3 2 3 7 15 3 13 9 6 6 5 12 8 10 10 3 3 10 7 5 5 14 10 8 10 10 5 4 10 14 6 7 1 15 12 15 11 3 9 8 12 8 2 4 15 6 9 3 14 12 8 15 7 10 1 9 8 7 3 15 7 9 12 13 12 4 10 2 12 15 6 14 15 15 11 4 12 8 5 11 5 1 14 15 11
78
9 10 25 3 23 11 11 11 24 15 25 6 17 8 16 10 17 22 2 14 5 5 10 12 16 20 17 14 13 23 18 10 16 17 26 21 26 6 7 19 13 8 14 10 8 9 8 1 21 11 12 16 5 6 16 5 26 11 3 14 9 12 12 20 2 12 19 10 22 21 16 4 24 23 2 23 22 8
42
16 1 34 40 34 11 5 11 41 4 13 30 46 1 32 43 43 1 3 22 17 19 22 30 44 23 38 3 11 45 37 43 1 43 47 39 13 8 39 45 34 29
173
9 5 5 2 4 2 10 8 5 1 6 10 2 8 6 4 10 6 3 12 4 8 4 7 12 12 7 2 8 5 1 5 7 7 2 4 8 5 2 2 2 2 8 11 9 12 5 2 7 9 2 5 2 8 10 5 2 4 5 3 9 7 1 2 3 7 2 7 8 11 5 5 8 9 2 6 4 5 7 5 11 8 2 11 11 2 1 12 6 5 3 11 2 12 9 10 11 4 7 3 2 10 4 8 9 2 9 9 9 6 8 3 12 10 4 1 4 9 6 10 6 1 7 9 11 8 11 2 5 9 8 6 3 7 6 10 11 4 4 5 1 1 3 8 11 8 5 5 12 11 6 4 6 1 10 4 2 10 11 5 10 7 4 10 8 9 7 8 11 5 5 10 8
123
10 4 7 9 1 4 15 13 10 1 13 14 8 8 4 12 14 6 5 14 8 16 7 1 1 2 5 4 4 9 5 14 6 14 1 9 1 8 8 8 8 4 4 2 14 7 11 3 9 16 8 3 10 6 2 11 6 5 12 15 7 7 5 10 5 8 15 16 15 6 8 4 4 10 12 13 10 10 2 14 3 2 8 8 6 15 2 9 13 16 7 11 5 10 3 15 2 5 12 3 1 12 4 14 11 1 10 11 4 7 15 9 16 9 3 15 9 2 1 1 13 11 10
31
10 16 24 32 38 65 26 16 53 55 52 12 35 4 2 6 2 16 63 48 36 22 28 55 41 57 49 34 41 55 1
136
3 13 3 5 3 12 5 6 9 2 14 10 3 9 1 12 13 1 7 12 7 13 11 1 7 1 6 7 1 9 5 3 5 6 14 12 10 14 4 5 14 6 6 6 3 1 13 3 14 13 10 2 7 2 14 1 12 4 13 4 7 9 7 14 7 6 6 6 13 10 5 14 7 11 7 1 4 14 7 7 12 7 4 2 11 2 13 1 6 10 13 10 2 9 7 8 7 12 9 1 6 8 15 14 8 4 8 1 14 1 10 1 15 1 6 9 3 2 7 13 3 13 15 5 13 4 14 12 8 13 5 12 6 3 2 7
181
6 10 10 6 8 7 6 10 4 11 11 1 4 11 7 1 3 2 3 7 2 3 5 8 10 5 10 6 11 6 9 4 5 4 4 9 7 5 7 6 9 4 6 11 1 5 5 11 11 7 12 11 5 11 1 7 4 11 7 7 11 4 8 10 4 6 11 5 8 8 1 7 9 4 7 1 5 6 3 10 11 7 1 8 4 7 8 3 8 10 11 8 6 9 3 5 3 4 7 3 10 2 11 4 5 4 1 10 6 1 8 9 9 5 2 5 5 6 2 4 10 8 9 2 12 4 2 3 9 6 1 2 1 1 7 9 3 7 11 6 2 7 9 8 2 9 8 11 12 3 4 6 1 6 7 6 11 4 10 2 9 5 3 6 1 8 2 6 10 11 3 10 5 6 8 10 1 9 7 1 9
166
8 11 9 6 5 7 4 4 11 6 11 2 10 9 12 11 7 5 9 3 9 10 11 2 2 11 10 9 5 6 10 9 7 11 5 7 7 12 4 7 12 8 12 1 6 1 7 11 7 4 11 6 4 7 8 4 6 5 1 3 8 8 9 7 7 5 10 5 10 5 4 1 1 9 4 2 4 3 3 5 8 11 9 12 3 11 2 9 5 4 5 5 9 5 3 11 4 9 9 2 10 6 7 9 10 2 3 3 2 8 5 6 3 12 7 12 10 11 7 4 11 5 1 5 8 1 1 3 9 2 3 12 6 3 7 10 4 1 9 1 3 12 4 10 10 2 11 9 10 7 9 1 2 9 11 6 2 1 6 8 4 1 9 9 12 2
87
22 3 16 12 9 4 10 23 2 7 6 16 22 18 5 15 6 6 4 15 15 17 9 6 16 4 22 22 5 17 22 9 15 13 13 20 17 14 22 2 4 22 4 23 12 17 10 20 2 14 5 8 7 7 13 3 11 1 9 9 7 18 11 2 18 12 6 10 7 16 19 16 14 19 3 5 20 10 1 8 5 22 11 10 17 1 13
159
3 7 3 11 9 4 2 12 7 7 8 7 6 11 5 11 11 11 2 2 1 1 9 9 7 12 2 3 8 11 1 7 7 11 4 8 4 5 4 11 12 7 12 9 6 10 11 11 9 11 12 7 2 2 10 5 1 12 3 2 6 5 12 7 13 12 5 7 5 9 12 1 10 4 3 11 9 5 3 13 4 1 4 2 12 1 13 11 9 1 5 13 12 2 13 8 4 13 6 7 12 4 2 3 11 13 7 11 4 5 8 12 13 6 8 4 7 8 1 3 9 13 6 10 2 6 7 2 12 2 2 1 1 5 3 6 1 2 2 10 9 9 3 11 5 9 6 8 9 1 11 7 3 4 7 10 9 11 11
104
11 3 2 12 3 20 5 7 2 10 5 9 7 11 1 5 16 8 2 12 3 6 10 2 10 5 13 14 17 13 17 14 4 15 15 4 11 18 4 7 9 2 11 16 4 18 2 16 1 5 14 19 16 3 3 1 2 1 8 7 10 1 11 5 11 10 1 3 6 12 5 2 4 11 14 14 1 14 17 19 19 1 11 5 3 6 6 11 4 10 10 9 13 14 15 1 17 14 16 19 10 17 4 13
114
12 17 5 2 5 3 14 12 1 18 1 18 11 10 1 2 15 6 13 7 14 16 12 15 13 14 9 10 1 2 10 5 16 18 3 16 14 13 17 1 2 3 18 2 5 9 13 14 5 5 2 16 7 11 15 17 17 15 2 15 12 17 16 12 11 7 6 4 7 11 13 7 17 16 5 5 9 4 15 11 10 10 3 5 4 3 13 16 3 9 14 14 8 16 10 6 14 15 11 10 10 2 12 9 1 6 13 11 10 7 8 4 16 16
128
2 11 9 3 14 6 4 13 4 16 1 10 4 12 2 6 2 2 6 4 2 15 4 13 4 1 9 4 14 8 13 14 2 3 5 16 12 10 6 12 12 6 2 5 13 1 1 8 1 3 6 13 7 2 6 11 13 5 14 10 2 9 2 16 14 2 9 2 2 9 4 5 7 10 1 10 13 11 6 10 9 2 14 4 16 3 2 1 12 12 16 15 5 13 11 7 4 9 8 3 16 12 8 2 5 11 10 12 3 7 13 2 15 5 15 12 15 8 9 3 6 14 9 11 2 15 15 3
5
393 106 2 361 51
17
38 11 25 1 43 45 43 112 23 32 56 40 88 26 60 57 7
88
21 15 23 6 7 11 13 22 19 15 13 3 11 8 10 13 20 21 20 20 4 21 9 19 23 13 17 9 1 13 20 7 5 5 13 18 7 18 13 6 7 1 2 3 17 18 13 16 5 5 13 5 22 6 7 17 13 23 19 8 23 22 17 7 11 4 2 22 22 3 4 15 17 14 6 2 17 12 1 5 2 12 2 6 5 17 23 10
71
14 9 25 18 22 18 3 20 2 9 22 17 11 9 2 26 14 28 1 20 3 13 21 14 3 28 5 13 19 19 3 25 4 1 8 6 13 15 10 19 16 24 27 25 11 5 14 24 10 16 22 28 12 27 21 7 4 28 27 4 28 2 19 17 11 12 21 7 3 19 16
139
1 12 3 3 7 5 10 11 12 8 7 11 9 1 3 10 10 3 12 10 11 8 9 13 6 3 8 11 6 10 8 11 12 11 5 10 7 1 4 3 9 2 15 11 7 12 12 10 13 12 12 9 1 7 11 4 15 9 14 11 1 4 4 5 15 1 12 4 9 8 1 8 1 7 5 14 8 3 14 7 11 8 13 1 6 14 3 12 3 5 10 5 13 9 3 10 4 10 1 14 3 2 2 13 2 3 4 13 6 4 3 5 14 9 8 14 1 10 4 7 11 12 8 4 10 5 12 13 9 15 5 11 4 8 10 14 14 12 2
5
187 269 185 23 286
190
5 4 8 4 2 5 3 6 4 7 9 1 5 6 8 6 3 10 3 10 9 5 4 3 5 8 7 3 6 9 1 1 1 8 3 4 1 1 5 5 5 8 8 9 2 8 1 11 10 7 11 8 6 6 7 11 8 1 1 7 5 9 5 9 3 6 6 2 3 7 1 10 2 4 6 1 10 6 7 9 3 1 7 3 10 4 9 5 7 10 7 8 3 9 5 2 11 6 4 7 5 4 3 10 8 8 3 5 4 4 2 5 7 10 1 1 9 10 1 10 7 10 10 3 6 5 2 10 3 1 8 10 6 8 1 4 9 5 4 4 5 1 10 5 10 5 4 5 3 11 5 7 4 11 5 9 3 3 9 7 3 4 4 10 5 8 8 5 2 9 9 3 6 5 5 2 5 5 4 7 4 1 3 10 1 10 4 8 3 10
180
6 5 1 5 3 9 10 6 6 1 9 5 5 6 7 9 1 12 10 11 4 10 8 2 5 10 6 2 10 5 7 9 7 10 1 11 10 6 5 1 4 3 11 8 6 1 4 9 8 2 10 4 6 4 8 10 11 1 10 10 9 2 6 11 11 5 4 7 3 9 5 10 3 4 10 4 2 10 10 4 9 10 9 6 8 8 5 4 2 10 1 4 9 2 2 2 4 4 7 3 7 11 4 2 10 10 1 7 5 1 3 8 11 4 8 8 7 5 7 7 4 3 8 11 8 4 9 7 4 8 5 4 11 2 12 9 7 10 10 8 9 10 1 6 10 3 9 2 6 11 10 9 2 8 8 8 10 2 5 7 9 5 3 11 4 11 11 2 2 4 8 5 7 5 7 1 6 11 7 8
109
2 3 12 18 4 10 3 12 17 12 19 14 9 11 15 10 11 5 1 13 6 2 4 6 4 10 7 10 12 18 16 9 11 5 9 1 18 10 14 9 1 5 7 15 5 11 15 2 16 13 18 11 17 8 10 4 7 5 17 12 3 10 12 12 8 17 15 6 3 16 18 9 5 12 2 5 3 4 1 17 16 7 17 12 12 11 13 14 3 14 17 14 3 17 11 13 8 16 11 3 5 15 10 12 9 8 3 3 17
77
16 15 18 15 14 14 7 1 12 9 2 19 18 2 6 24 24 24 25 7 24 8 4 11 13 9 4 16 5 6 6 8 22 10 16 24 2 15 8 13 14 21 15 26 3 19 5 26 25 23 17 3 6 22 9 13 7 4 21 3 23 14 10 18 5 10 14 9 7 21 9 8 22 6 11 5 9
129
4 13 6 16 11 10 2 9 16 16 12 3 2 7 9 11 7 11 2 13 5 10 3 12 8 7 6 12 4 7 5 2 5 4 8 10 13 3 16 7 10 8 12 7 16 3 9 1 1 12 9 9 7 9 6 10 14 11 13 2 15 11 9 16 15 1 16 15 3 7 2 3 6 8 13 6 15 11 14 10 9 14 5 1 14 12 15 11 11 11 9 4 8 4 2 13 6 12 8 4 3 3 14 13 12 1 13 10 8 9 5 1 3 8 15 3 6 11 13 7 6 1 2 15 14 8 15 6 10
56
13 9 13 21 5 3 24 18 33 32 31 3 2 28 35 36 12 10 8 26 4 8 22 26 18 21 6 36 32 34 15 25 21 28 29 4 33 6 13 19 6 33 18 10 18 17 13 36 36 32 8 8 20 34 22 25
194
8 2 1 5 10 3 10 2 6 6 5 7 6 5 7 5 5 7 8 11 9 2 8 3 2 6 6 10 3 6 2 5 1 9 7 2 7 1 1 4 10 6 5 10 5 3 10 7 8 7 1 8 6 2 11 3 5 11 9 1 6 5 1 10 3 4 8 8 9 5 3 2 9 8 9 3 6 3 7 7 1 5 9 1 10 7 6 1 2 8 5 5 5 6 7 6 7 7 4 2 1 1 1 6 9 2 11 7 1 4 10 4 9 6 8 7 3 7 2 4 3 10 2 11 1 9 8 3 8 3 7 2 3 3 1 9 9 6 9 10 1 5 9 9 10 9 7 3 2 5 8 7 4 7 1 5 3 5 6 1 3 1 5 9 10 1 9 8 9 9 8 4 3 3 4 6 2 1 8 2 1 10 7 8 1 1 5 8 6 2 1 2 6 4
147
7 5 3 13 12 9 13 10 9 3 8 6 10 11 7 9 4 12 8 5 14 2 12 6 14 10 11 13 9 10 7 7 8 2 4 9 2 2 11 10 4 7 9 8 1 4 10 7 6 13 14 11 3 10 3 7 8 10 5 2 2 2 13 11 8 10 4 6 6 12 8 11 12 3 2 10 3 2 10 7 4 7 14 7 1 11 8 4 7 3 4 7 11 1 6 5 4 5 14 4 9 11 1 4 1 13 9 1 9 3 5 3 10 10 1 4 1 8 7 10 4 4 8 4 8 11 11 14 13 13 4 4 4 9 7 8 12 11 6 2 9 9 12 7 13 9 4
173
8 4 9 1 8 7 5 10 6 3 4 4 9 10 11 4 10 5 12 11 8 1 10 3 4 3 9 10 11 11 9 9 4 9 9 12 5 4 11 5 7 3 2 6 10 3 8 11 6 3 5 4 9 5 5 4 9 12 4 7 1 10 4 6 6 1 3 6 10 9 9 3 11 8 9 5 7 3 3 6 7 5 11 10 5 10 10 3 9 4 10 6 6 5 1 10 6 8 4 10 12 8 9 10 6 3 7 3 4 8 4 1 9 8 9 9 7 8 11 4 4 5 4 7 9 9 8 4 5 2 7 1 5 7 9 6 1 7 3 2 3 1 1 4 3 6 4 5 1 12 9 10 5 6 7 3 1 6 4 12 8 3 8 11 10 4 4 9 3 10 5 4 11
172
8 11 5 10 9 10 2 9 10 11 6 12 2 8 2 7 7 11 11 2 3 8 6 6 6 12 11 6 9 8 8 3 3 2 8 2 7 8 1 7 8 7 11 3 1 9 11 3 11 1 2 5 3 11 4 2 8 4 3 5 2 4 3 10 11 4 12 11 1 2 4 3 5 1 11 11 2 1 7 7 1 2 12 7 8 6 4 7 8 2 7 4 10 7 11 9 1 7 4 8 5 5 8 1 10 11 11 4 8 9 5 5 6 5 4 5 9 3 7 7 2 2 7 8 2 1 7 1 6 7 4 6 8 11 9 1 8 11 5 10 12 5 5 4 8 5 3 3 4 7 5 8 3 5 7 9 7 10 10 4 1 12 10 3 8 10 9 2 4 8 12 5
62
16 24 24 18 16 25 28 6 13 18 22 21 28 23 11 5 17 3 26 29 13 4 8 5 10 22 26 5 11 24 11 7 25 23 18 23 13 18 19 7 31 6 25 31 2 18 22 12 29 31 22 6 27 12 5 9 28 18 20 28 13 30
171
8 7 9 11 1 3 5 6 4 7 10 11 3 4 5 6 1 1 7 3 3 5 12 4 5 4 1 9 2 9 12 1 12 11 2 9 8 11 8 5 11 9 1 8 4 2 2 4 5 1 7 4 8 7 4 8 11 2 4 10 6 5 9 6 5 10 9 5 4 9 4 6 4 11 7 1 9 2 9 11 2 5 11 1 1 3 1 1 11 7 12 8 7 4 2 11 1 6 11 5 3 6 9 2 1 9 1 5 1 8 7 12 7 5 7 7 5 12 4 7 3 5 5 10 10 12 1 3 8 2 7 5 6 3 11 1 8 8 8 2 10 2 11 12 10 6 2 8 6 7 4 5 11 7 8 3 7 12 10 3 10 2 5 3 10 7 5 2 1 7 12
61
18 19 16 19 18 23 14 22 30 26 19 22 12 30 27 26 31 19 12 22 15 16 12 10 32 19 28 30 25 2 29 18 20 14 20 10 28 21 4 14 6 7 22 22 1 2 19 12 30 21 15 15 4 1 3 23 27 28 2 24 26
112
5 10 5 3 3 12 5 6 9 16 16 15 5 15 15 3 5 10 12 10 9 12 4 7 9 10 12 11 3 8 8 3 18 11 4 10 11 17 14 9 3 15 9 11 4 10 18 9 9 15 16 10 5 5 11 4 15 14 3 15 12 9 5 14 4 16 18 8 10 6 1 15 11 9 7 18 16 17 15 8 11 7 18 17 9 13 6 2 12 12 8 14 10 5 3 9 11 13 9 7 18 10 5 2 5 16 9 4 10 12 3 3
68
9 6 2 30 19 26 3 12 6 10 28 19 24 5 10 5 26 27 23 27 20 29 6 7 19 17 2 29 11 13 15 24 16 28 17 15 9 26 14 18 29 9 18 11 29 12 5 14 27 14 1 12 11 9 14 24 18 20 17 13 28 20 22 28 12 27 28 18
60
17 21 18 14 20 19 20 9 33 16 6 27 23 27 24 13 17 22 28 10 2 7 19 31 25 24 21 24 10 7 7 12 13 33 27 9 2 28 13 1 12 19 6 23 18 19 26 12 28 13 3 14 25 18 33 12 2 28 15 21
139
4 6 9 5 7 9 11 8 2 11 1 5 2 13 7 5 6 9 8 1 11 8 1 14 12 11 15 13 10 11 8 12 5 1 3 9 6 1 14 5 13 8 3 6 2 5 3 7 3 12 2 10 6 7 14 4 1 5 1 2 11 10 3 1 7 13 11 10 5 3 7 13 11 14 11 11 2 10 12 1 12 4 3 1 3 14 8 12 4 1 3 4 1 9 4 4 11 13 3 12 2 12 10 15 11 12 9 10 6 7 13 10 10 8 11 2 9 5 12 3 2 7 13 8 3 2 3 9 13 4 13 7 6 2 2 3 14 4 10
121
2 15 5 2 12 15 2 4 4 11 3 13 11 5 14 12 8 12 16 15 1 7 7 11 8 8 15 9 16 13 12 1 15 6 8 5 9 2 11 8 9 2 15 5 11 13 7 1 11 7 16 5 14 16 11 12 8 1 12 8 6 1 16 5 10 7 16 6 5 6 12 10 7 16 12 11 3 5 5 7 10 12 7 17 16 2 2 16 16 10 9 13 10 10 9 12 6 5 3 14 14 2 16 4 2 12 1 5 6 11 4 2 12 16 15 10 7 7 4 17 2
100
17 9 10 20 19 1 2 19 17 5 6 18 13 1 19 7 2 1 2 4 1 11 14 17 8 12 9 18 18 5 14 13 9 4 15 8 7 4 5 11 2 15 10 4 14 8 12 9 2 6 15 4 4 4 2 18 11 6 13 3 4 2 2 11 15 3 11 5 1 16 17 12 5 18 11 20 11 14 13 17 4 20 18 7 9 19 9 9 6 2 3 17 2 5 8 20 14 9 7 17
73
1 11 15 22 6 4 19 13 26 4 24 22 26 28 12 12 8 9 11 13 9 18 19 13 13 16 27 26 9 1 15 12 3 27 24 14 20 6 26 18 7 19 22 5 25 9 9 15 25 26 20 10 10 25 26 27 14 18 19 15 25 26 14 7 1 2 18 10 15 19 8 10 10
39
27 49 15 27 42 24 5 18 36 20 15 17 8 34 9 51 38 27 41 34 20 10 30 48 45 31 19 39 51 26 17 39 41 48 2 33 35 38 41
126
9 15 2 16 8 4 4 9 10 1 1 15 11 10 7 14 1 10 7 5 14 11 11 11 7 11 8 10 12 16 2 10 3 13 13 10 13 3 6 8 9 7 12 2 7 3 6 6 11 10 7 2 1 2 3 16 14 6 7 1 8 3 5 16 2 9 11 15 6 16 9 10 7 3 8 14 16 8 9 10 14 16 11 3 11 9 1 15 6 9 3 8 8 11 2 11 9 9 5 16 7 12 1 7 6 11 5 16 15 13 16 13 13 11 10 7 14 15 14 13 15 3 9 5 16 10
185
8 3 2 4 2 10 5 8 7 3 5 8 10 1 9 9 2 4 2 2 7 2 10 11 9 1 3 11 7 6 2 7 9 2 7 4 8 3 5 10 1 8 11 6 5 8 9 1 1 8 9 2 5 10 3 11 10 9 5 3 11 7 9 5 1 6 6 5 3 3 8 2 11 4 7 7 5 1 8 9 11 10 9 5 3 8 2 11 10 3 7 11 8 9 3 4 5 2 8 8 8 4 3 7 8 1 10 2 5 8 11 7 3 10 10 7 9 8 8 6 3 1 5 4 1 9 4 8 3 2 4 5 6 4 11 4 1 7 8 2 2 11 6 2 8 5 2 5 11 1 5 9 2 3 11 5 5 7 11 11 3 7 11 6 4 5 6 9 8 4 10 5 6 10 7 4 4 11 1 9 8 1 6 6 8
168
9 5 6 11 10 1 9 9 10 12 2 6 7 5 10 5 2 4 11 7 11 10 2 1 8 9 12 9 2 10 5 7 4 8 10 1 5 2 2 12 5 8 3 11 5 6 7 10 2 9 3 2 8 4 3 6 4 4 12 1 7 8 10 3 7 8 9 7 6 4 10 9 6 10 7 1 2 2 6 1 2 7 8 12 2 3 10 12 8 12 12 10 2 12 2 3 4 5 2 7 8 8 10 7 7 11 9 9 2 7 4 9 10 12 11 5 4 6 11 9 11 7 2 5 12 10 12 2 10 4 3 9 5 11 10 10 6 8 8 8 11 10 11 7 11 11 4 10 5 7 8 10 8 6 10 8 4 8 9 9 5 7 10 6 8 7 9 6
149
11 13 1 9 9 8 1 3 10 11 3 9 1 6 9 12 7 6 3 14 8 10 6 9 5 3 12 5 13 3 3 7 3 13 12 6 3 7 10 11 7 8 9 1 10 14 2 9 3 13 2 11 14 10 5 3 11 7 4 6 4 3 4 12 2 12 3 12 7 3 10 1 12 13 3 11 2 12 9 9 8 8 10 10 1 12 6 2 8 7 1 13 13 1 7 11 9 2 7 2 13 1 3 1 4 13 2 5 4 3 2 6 1 3 7 6 1 6 1 3 4 5 6 12 14 5 6 13 7 5 7 1 11 2 12 4 14 14 12 6 2 12 11 9 5 14 12 10 4
172
8 5 4 1 9 1 4 1 3 8 1 8 3 9 11 6 2 7 2 7 11 3 2 5 5 3 10 8 1 1 3 7 11 1 2 7 4 11 3 10 9 10 2 6 12 9 7 11 3 12 1 10 11 10 9 2 4 8 7 3 3 3 2 4 3 7 9 7 8 3 10 6 2 3 6 4 5 11 1 4 3 5 10 5 3 10 1 6 3 1 1 8 7 5 9 9 2 4 3 6 10 6 11 9 1 2 9 6 3 2 10 3 11 8 5 7 4 7 6 8 7 1 8 2 6 12 11 7 4 7 1 3 8 1 8 12 7 10 11 9 12 7 4 4 3 11 5 12 11 6 8 1 8 11 1 4 9 9 2 9 5 9 11 1 3 3 11 6 7 1 2 11
41
18 19 45 33 37 48 4 12 5 1 19 13 35 1 7 15 28 16 36 35 9 35 10 12 32 11 23 33 3 44 45 33 5 42 40 14 29 42 8 6 15
164
4 1 3 10 7 5 5 9 6 5 8 8 2 6 7 5 13 2 8 9 12 2 5 2 11 8 7 3 8 9 8 7 2 3 1 7 7 11 3 6 1 10 4 9 2 12 1 5 12 3 10 11 5 1 8 12 2 12 9 1 12 3 5 6 12 6 10 5 5 10 10 10 7 2 5 13 1 1 1 5 11 8 6 4 11 9 5 6 9 4 5 1 4 1 1 7 3 4 8 4 8 11 12 9 12 11 5 10 4 1 1 11 6 6 2 11 1 4 3 7 5 1 12 6 12 1 7 7 11 10 2 5 5 4 1 6 1 12 2 5 7 1 3 2 9 12 4 6 7 9 3 5 8 5 2 11 8 12 11 11 4 12 7 10
42
42 37 11 29 12 23 36 36 34 33 23 26 29 43 13 33 23 10 47 43 21 16 40 8 38 20 46 16 5 40 37 46 25 33 21 15 9 46 28 38 40 9
186
5 9 11 3 4 10 8 3 2 10 8 6 9 7 2 2 6 7 7 8 4 5 11 2 5 11 9 5 9 6 9 10 6 4 4 2 7 10 9 5 9 6 2 7 6 6 3 4 9 3 9 7 6 2 9 5 9 4 1 7 7 8 9 3 3 8 2 3 10 1 4 8 10 8 11 7 4 7 7 1 9 9 2 10 1 1 11 3 2 7 9 8 11 10 5 3 8 11 7 7 2 3 7 8 4 7 1 5 2 9 2 7 5 5 3 9 7 5 10 8 2 8 5 8 6 11 11 7 9 6 8 4 1 9 3 3 2 6 6 3 8 1 9 2 5 5 6 7 4 8 6 1 2 5 8 11 1 9 10 5 10 3 3 9 11 5 11 11 6 3 2 2 3 3 11 9 1 1 5 10 9 8 5 3 11 10
4
127 95 187 160
73
2 12 2 12 13 21 12 11 19 7 19 21 9 7 26 15 17 2 15 14 11 21 3 17 6 19 19 6 20 6 26 19 2 20 7 22 6 19 7 25 2 11 8 9 27 9 25 27 21 9 27 22 9 4 21 13 7 23 11 27 9 24 15 4 18 20 4 14 21 21 24 19 16
186
4 2 1 8 2 4 10 3 8 5 1 8 5 2 2 11 7 6 8 11 11 9 1 7 1 5 1 6 11 7 8 2 7 10 5 10 9 5 2 11 11 9 3 1 10 6 7 4 3 2 11 9 2 2 9 10 8 8 8 2 11 7 2 5 5 6 1 3 5 7 3 5 10 11 5 10 4 3 10 10 3 8 4 6 7 3 8 11 9 10 5 2 4 11 3 2 2 3 9 5 10 1 11 4 5 7 7 10 8 10 1 10 3 5 1 3 11 1 11 2 1 8 10 4 9 2 6 2 10 2 5 6 8 3 6 3 10 6 4 10 11 7 2 9 9 2 4 9 5 2 3 10 4 7 3 1 5 11 8 11 1 4 9 2 6 5 10 8 5 5 5 5 5 6 10 5 6 8 5 6 8 3 7 5 4 11
74
14 13 16 17 4 24 19 1 20 23 12 15 14 23 26 26 24 22 11 16 14 8 12 19 27 1 22 1 9 27 19 11 5 4 12 19 17 17 8 25 10 26 3 22 13 15 24 5 16 8 22 27 4 27 15 15 13 12 18 14 26 14 26 3 13 8 9 17 26 16 27 23 20 13
115
14 9 16 2 10 17 13 12 17 3 4 7 2 15 12 14 9 11 16 13 4 6 3 3 4 13 1 13 2 1 7 13 5 5 3 7 2 10 17 17 8 9 7 17 11 4 7 7 16 6 10 3 14 12 17 15 7 12 15 4 1 16 13 8 1 15 3 11 14 7 8 11 13 15 11 14 8 9 2 11 17 10 15 6 15 11 9 9 2 11 16 14 15 2 15 1 13 18 16 9 12 14 10 4 8 16 1 3 3 2 3 13 12 11 10
98
16 20 20 13 19 8 7 18 9 12 14 21 15 5 14 4 11 4 16 17 8 11 11 13 17 15 5 18 12 21 18 7 14 4 1 3 3 19 19 11 9 1 14 3 7 6 12 20 5 8 15 8 3 5 17 18 3 20 16 17 10 20 11 21 14 14 4 17 2 2 19 1 16 3 9 20 5 4 9 20 14 20 8 18 9 12 13 12 14 8 14 13 2 11 11 6 10 11
154
2 7 7 9 2 3 10 5 13 12 10 10 13 1 13 9 8 10 3 4 1 2 13 7 12 2 5 3 4 8 4 2 13 3 10 4 5 7 8 11 4 4 13 6 6 5 1 6 6 7 12 5 12 12 6 5 11 8 4 4 4 9 6 13 1 9 5 10 8 6 12 3 6 5 5 3 13 13 6 7 13 4 2 2 8 1 7 11 3 1 2 12 9 3 4 11 3 2 9 4 10 9 2 6 9 8 12 11 1 9 3 13 9 11 10 3 2 2 11 2 13 7 11 11 6 2 11 4 3 2 2 2 8 1 12 9 13 5 5 4 3 12 9 5 7 2 7 8 10 9 12 7 6 1
150
3 2 9 3 1 10 3 5 8 6 3 13 11 2 13 11 1 6 9 13 4 9 11 8 7 6 2 4 12 1 11 11 13 11 7 6 5 8 4 12 2 8 6 3 12 14 3 12 6 8 5 3 5 9 13 11 1 1 3 4 4 14 4 4 11 1 5 3 1 4 12 1 4 7 1 12 7 9 3 11 13 12 14 5 9 8 2 8 13 13 3 4 10 4 12 10 10 13 7 10 11 7 6 4 7 3 3 5 11 7 1 8 1 9 6 2 8 10 8 8 14 12 11 2 5 8 14 1 3 5 12 6 11 6 9 9 6 9 10 9 9 13 13 12 5 13 8 5 6 4
57
5 16 12 8 24 10 10 6 24 12 3 22 18 22 29 14 26 9 21 35 7 30 10 11 23 20 26 13 20 13 23 32 2 31 6 6 10 12 29 11 3 14 23 5 6 22 26 33 19 28 10 34 26 12 11 21 18
100
5 11 10 4 20 2 18 12 4 16 5 8 15 7 2 19 1 16 12 9 19 1 18 10 8 13 19 6 6 5 4 13 10 11 8 2 18 6 9 8 12 16 13 3 15 10 16 20 1 2 2 3 17 16 8 13 5 15 12 16 8 9 16 9 19 4 9 8 19 3 7 5 5 15 17 16 8 6 12 3 11 14 18 10 12 16 7 12 20 9 11 12 16 6 19 15 17 1 7 19
196
7 1 9 10 4 8 6 10 5 10 5 3 6 4 4 4 4 7 2 2 1 9 3 7 10 8 7 2 6 2 2 10 7 6 2 5 7 3 4 7 3 3 5 7 10 4 7 4 5 10 5 1 8 3 2 9 11 8 6 2 7 4 6 9 7 2 5 10 3 5 6 2 4 2 5 5 2 9 10 6 9 1 10 8 3 6 6 1 7 2 3 3 1 2 10 4 8 6 2 1 1 9 10 10 9 8 2 8 3 8 7 9 10 10 5 3 2 3 11 9 10 1 8 5 2 2 4 6 1 3 9 4 4 5 9 8 2 1 10 4 2 4 8 8 2 6 4 5 6 6 8 8 2 9 4 7 10 10 5 2 10 5 1 8 7 4 6 5 1 1 2 8 1 7 6 1 2 7 1 10 7 7 6 9 6 5 8 2 11 7 5 8 2 1 1 7
19
73 26 81 80 13 13 89 47 30 87 21 3 51 58 66 60 53 21 76
88
11 15 4 2 20 16 18 18 1 6 7 21 19 3 4 7 14 18 21 14 22 21 19 16 7 14 18 1 16 10 15 2 3 18 10 21 6 18 14 7 10 5 5 22 2 9 15 10 2 15 16 4 14 3 1 13 8 6 20 5 12 2 13 5 3 9 3 19 22 16 14 14 17 9 14 19 11 4 9 5 4 14 9 13 22 19 22 23
5
173 241 48 172 244
5
266 235 328 335 29
131
12 13 14 12 8 4 5 13 12 13 6 12 8 8 16 5 13 6 6 5 15 16 14 4 1 12 2 15 8 14 9 5 10 9 1 14 9 9 10 14 7 8 13 8 9 8 10 7 15 16 11 11 11 14 9 12 9 13 1 16 7 13 5 7 9 2 7 5 7 13 15 4 7 6 5 14 10 8 1 8 11 14 3 3 5 6 2 13 13 2 11 12 1 14 11 2 3 1 13 12 7 11 14 5 2 4 5 14 4 14 5 9 4 15 13 12 14 10 9 13 8 11 7 15 7 8 3 11 6 7 8
156
12 13 8 6 5 6 10 10 3 3 8 2 8 10 1 8 8 11 4 10 10 1 2 4 9 5 2 8 4 2 3 9 2 5 5 13 7 7 12 13 11 2 7 10 10 3 9 12 1 10 2 6 2 9 9 3 10 13 2 6 2 3 6 3 13 13 8 3 8 13 7 2 3 11 5 11 12 1 5 9 2 2 7 2 13 9 11 9 7 2 2 8 11 8 10 5 11 10 7 3 2 11 6 12 9 8 7 1 9 12 7 13 9 11 1 8 11 9 10 11 3 4 6 8 12 7 13 1 12 13 9 4 7 2 7 9 3 8 8 7 2 10 11 4 6 6 7 2 13 5 2 3 5 8 8 5
74
6 13 5 8 19 12 1 15 25 15 19 17 7 17 15 26 8 8 5 24 22 9 15 20 10 25 19 22 11 14 8 21 12 10 27 12 14 7 13 4 20 23 14 18 4 12 7 13 24 1 25 16 2 11 5 18 16 13 14 3 14 14 1 18 12 12 23 16 7 23 10 26 18 27
104
5 9 13 12 5 9 5 3 17 2 1 6 8 17 15 12 3 8 2 19 7 1 8 6 2 10 18 10 9 13 10 19 6 3 4 12 12 6 19 11 13 8 13 16 11 13 17 16 18 1 11 4 4 15 6 17 11 8 13 16 16 16 12 12 11 7 5 2 10 19 10 14 16 3 18 8 8 13 3 1 9 5 19 9 16 17 2 8 6 5 7 1 9 16 4 9 13 8 18 14 16 12 4 13
105
6 15 19 9 15 6 5 17 10 17 19 11 5 15 2 19 16 4 5 3 1 14 18 16 6 7 7 8 10 4 15 1 6 15 2 1 13 8 1 6 12 11 14 5 11 8 1 13 4 19 4 9 11 17 14 3 1 3 16 2 16 15 5 19 7 6 16 9 5 4 15 1 9 10 4 12 14 9 19 19 14 1 18 4 7 8 2 15 19 12 12 12 2 13 9 2 8 11 10 13 4 3 2 11 12
146
9 6 3 2 3 10 10 11 12 11 8 9 11 8 5 12 10 9 3 14 6 10 10 6 5 4 10 14 6 13 10 1 14 4 5 1 13 6 7 13 8 4 8 4 1 2 4 7 3 6 2 10 12 10 14 10 13 9 13 9 6 7 14 4 10 5 5 7 11 13 7 13 4 2 13 8 4 12 4 6 2 11 13 2 4 2 4 2 12 8 10 12 4 10 7 11 6 1 11 1 9 14 4 6 6 2 11 8 12 12 5 11 6 11 14 11 8 9 3 4 6 9 1 7 1 9 8 5 1 8 6 4 4 3 6 12 5 8 1 13 10 8 3 14 9 11
115
16 10 17 6 14 13 7 3 3 10 3 3 8 9 17 12 1 18 2 8 7 17 18 1 14 2 15 10 7 7 13 4 7 12 4 4 15 12 10 11 2 2 15 14 11 6 11 14 5 17 13 6 9 7 9 15 17 4 13 5 13 3 17 8 9 3 16 10 4 9 11 8 12 2 4 7 7 1 1 9 2 1 7 3 8 1 6 11 9 2 7 15 1 18 4 5 9 17 17 12 4 2 10 1 6 4 15 11 2 18 16 14 10 12 14
46
36 8 29 33 19 22 35 44 22 7 33 22 18 5 10 33 42 7 31 2 21 12 5 39 24 4 31 3 9 11 10 44 3 25 10 30 21 10 10 36 13 4 32 42 15 27
127
13 4 1 2 5 3 5 8 9 4 13 8 4 14 8 1 12 4 11 16 1 8 11 11 12 15 1 4 15 12 10 1 1 1 6 4 14 1 11 13 5 9 10 4 10 12 7 6 11 6 10 14 15 1 9 3 13 2 14 3 5 10 6 14 8 9 14 3 2 2 10 7 9 14 12 3 9 6 11 12 8 1 8 9 6 14 9 1 13 5 8 8 14 6 8 3 16 2 5 8 15 11 7 9 2 5 10 11 14 1 12 5 9 7 13 5 13 5 10 11 8 6 9 5 12 4 6
99
6 5 20 7 20 1 8 14 17 5 12 2 12 16 13 5 18 3 7 5 15 10 8 16 11 9 3 20 17 8 11 11 5 20 14 2 14 3 15 2 5 5 7 3 16 20 1 6 11 4 2 1 20 10 8 3 3 1 4 8 16 1 9 12 15 16 3 19 13 6 8 7 12 16 5 17 19 8 12 17 8 20 4 3 12 11 6 17 21 12 14 6 9 1 12 17 5 8 20
34
47 30 58 37 57 32 16 57 54 55 43 30 56 37 16 21 31 4 32 41 54 26 4 13 47 50 11 44 20 12 58 5 52 11
133
10 12 7 7 5 10 14 15 4 3 7 3 12 1 12 14 5 8 7 14 3 9 12 12 2 14 1 11 13 6 12 6 9 10 12 7 9 4 8 9 12 8 4 13 6 6 9 5 5 14 15 11 14 6 12 12 4 4 3 11 7 10 10 15 10 6 9 2 1 13 10 3 15 14 12 4 2 13 8 15 2 12 12 4 6 4 3 3 10 13 3 15 7 15 12 9 13 4 14 2 12 9 5 3 7 6 15 9 9 1 5 9 10 13 2 8 1 6 6 12 8 9 5 10 8 14 1 1 8 14 7 15 1
76
12 11 8 12 2 5 25 11 18 18 16 9 25 21 9 19 17 4 16 2 23 15 2 2 6 26 16 11 20 1 15 9 10 4 18 16 4 21 6 7 19 25 22 19 1 27 25 3 14 5 5 12 22 25 11 10 23 24 3 9 25 11 18 21 16 2 24 14 24 14 3 10 5 8 16 11
177
8 4 4 1 5 2 2 3 1 9 1 1 8 4 5 2 6 4 10 7 4 11 9 4 8 7 10 8 9 9 11 11 1 6 3 1 3 9 10 1 10 11 4 2 10 2 7 9 10 9 7 7 9 10 1 6 3 8 9 7 5 2 4 1 3 1 2 8 5 8 2 11 8 11 9 11 10 3 3 8 6 10 8 8 5 8 8 4 11 5 7 7 12 1 9 1 1 4 8 12 10 2 7 3 3 8 6 11 10 4 11 11 5 5 5 11 9 3 11 7 6 11 5 3 1 11 10 8 1 2 11 2 8 7 8 7 1 9 7 10 2 11 5 4 5 8 5 11 2 8 8 10 5 7 7 5 7 4 5 1 3 8 1 5 1 5 2 9 4 10 5 10 11 4 3 11 5
22
49 37 9 48 68 42 56 76 11 46 73 20 44 83 21 85 85 4 36 41 32 38
164
10 8 7 2 10 10 6 3 1 9 9 1 12 5 11 10 1 13 8 5 11 7 7 5 6 5 8 9 13 7 8 13 1 5 8 1 2 9 2 12 12 1 3 5 9 3 10 10 5 6 8 11 12 2 7 1 9 7 4 13 6 11 6 4 9 2 11 9 9 3 4 10 9 4 1 3 4 6 7 5 3 1 7 8 12 6 9 4 10 12 10 3 11 2 6 3 8 6 2 8 13 6 3 7 4 7 10 11 6 8 11 10 8 7 12 7 4 6 5 1 9 4 6 7 7 7 6 12 4 10 9 11 8 4 8 9 4 1 3 6 10 6 5 13 12 6 7 8 6 4 4 7 5 6 8 10 2 10 2 4 11 10 2 8
142
3 13 14 10 9 4 11 3 7 14 14 4 10 14 10 8 10 11 3 6 14 3 9 5 7 6 4 7 7 7 3 3 9 12 5 1 12 11 4 6 4 14 3 4 6 4 9 4 3 13 10 11 5 12 11 8 8 7 2 4 9 4 14 15 12 9 10 14 12 8 3 6 14 7 12 10 8 13 5 4 8 14 14 7 8 1 4 9 3 1 14 13 13 8 10 8 2 12 1 8 6 6 3 11 8 12 6 3 9 5 15 2 7 5 2 3 14 6 8 11 12 11 14 3 13 12 14 2 12 8 1 15 6 1 9 6 5 8 6 2 12 10
82
1 19 11 10 5 7 1 2 11 5 9 7 7 13 3 18 9 6 22 13 23 8 4 19 9 4 2 24 21 8 14 4 15 7 12 11 6 5 4 14 9 19 19 20 24 15 8 12 10 21 12 1 9 13 18 4 5 19 6 5 10 20 2 12 13 13 13 19 16 22 7 16 11 8 4 22 6 13 13 21 9 13
146
6 5 11 4 10 11 6 12 8 4 14 3 2 1 7 2 1 4 5 14 11 6 8 14 8 6 2 1 9 10 4 10 5 5 8 14 8 6 9 14 5 2 14 5 9 8 11 8 5 11 2 4 8 9 12 12 10 7 2 13 5 14 5 5 10 11 13 13 10 13 8 14 2 5 10 7 1 8 8 3 5 8 11 6 11 3 13 13 7 4 5 10 3 2 2 13 4 2 4 13 1 5 14 3 6 1 2 11 5 1 14 8 11 2 2 1 10 6 9 1 3 8 11 7 10 6 3 14 4 8 8 6 2 13 8 10 11 14 8 3 6 3 10 8 12 4
197
10 7 7 1 5 3 1 8 8 10 10 5 7 10 3 10 4 4 8 9 6 8 6 10 10 4 8 3 1 9 5 10 1 5 9 3 9 2 10 10 7 9 9 7 4 8 5 1 8 2 1 3 6 5 6 10 2 4 7 2 8 9 10 4 2 2 6 10 4 9 5 2 4 5 8 8 8 5 8 10 7 3 6 4 7 5 7 9 9 10 5 4 1 8 10 4 9 8 8 4 9 9 8 2 2 4 1 7 7 4 10 3 10 6 9 5 5 4 3 2 4 10 6 6 8 4 5 6 2 7 6 9 2 9 1 3 11 5 6 9 2 7 8 6 9 8 5 1 6 6 7 10 10 2 6 2 2 2 6 7 3 5 10 10 9 10 8 7 8 5 9 5 9 3 1 3 7 5 11 6 10 3 1 1 3 1 2 6 1 5 5 10 9 6 5 8 9
136
10 8 6 9 11 12 3 5 8 12 11 5 12 14 3 7 11 4 15 1 7 10 5 7 3 10 6 5 8 15 2 15 11 15 8 10 9 10 13 14 13 7 12 3 12 15 10 1 10 8 2 11 10 11 13 10 10 3 8 12 10 1 10 2 9 9 8 12 8 7 1 13 3 8 6 3 15 10 10 4 5 2 8 3 8 6 7 2 9 11 13 5 8 8 11 8 2 13 15 4 9 9 13 8 5 15 2 10 6 6 7 14 2 2 14 9 13 14 14 4 14 12 12 3 8 1 2 8 1 4 4 2 12 9 1 7
10
46 60 180 27 75 35 129 6 42 25
18
68 55 28 94 74 43 99 2 86 110 8 61 65 74 27 83 67 70
152
10 13 6 7 10 4 6 3 6 1 6 2 4 8 6 13 7 5 8 1 10 1 11 12 2 8 3 8 2 3 10 13 2 8 7 3 13 8 4 7 6 2 1 11 13 7 8 3 5 1 9 9 1 13 1 12 3 13 1 12 2 5 11 13 8 4 2 7 5 8 11 10 13 3 2 11 8 3 12 4 7 13 3 7 10 2 1 13 10 9 8 13 9 13 4 3 12 12 12 12 6 6 1 13 6 5 3 1 7 7 5 13 6 8 4 7 4 6 8 2 2 6 12 3 10 12 1 3 1 6 4 7 6 6 3 11 10 5 10 11 6 12 3 3 2 1 13 3 1 2 5 2
134
15 11 7 5 13 12 6 1 3 6 8 13 7 1 12 6 5 12 1 14 12 14 11 7 3 10 9 12 13 4 5 2 6 2 8 11 8 2 5 11 12 11 14 2 8 14 15 9 6 8 3 6 13 3 9 2 5 11 9 10 1 9 2 2 12 12 15 2 9 6 8 6 3 9 4 10 13 10 3 12 4 1 4 9 10 9 2 5 13 4 9 11 15 3 3 11 13 3 9 15 10 5 4 11 6 13 15 1 1 10 14 3 14 13 3 3 15 5 1 2 7 13 3 7 11 3 3 11 2 2 3 15 5 4
101
6 11 12 7 19 8 17 19 3 13 19 19 13 9 19 11 16 16 4 11 19 6 15 13 14 7 3 7 8 19 3 5 4 2 18 3 9 18 7 13 2 7 5 13 13 19 8 6 6 6 9 4 18 9 16 10 12 20 12 19 5 19 7 4 13 19 10 20 16 5 12 8 9 3 7 3 17 5 9 14 2 10 1 6 11 15 15 14 20 4 14 5 10 15 18 18 3 5 12 4 19
1
1549
1
969
139
13 2 8 1 2 7 5 15 8 7 2 8 6 12 3 12 9 4 2 6 7 3 15 4 13 8 12 14 1 4 14 14 3 10 10 6 12 11 1 13 9 3 12 6 9 8 7 14 1 13 5 4 10 5 5 10 4 4 8 12 10 2 8 7 10 9 2 4 8 11 14 12 8 11 5 8 13 1 5 13 3 3 14 6 7 4 1 10 4 3 10 14 7 10 8 10 5 8 1 10 2 3 15 3 9 10 1 7 7 4 11 3 7 6 12 1 10 1 7 14 12 9 11 14 4 3 13 13 4 8 11 11 2 13 14 2 5 6 5
142
10 2 10 2 13 1 6 8 10 9 15 3 13 7 7 6 4 1 5 14 12 4 11 8 4 3 13 4 8 1 1 6 13 9 10 3 2 3 3 12 11 9 1 6 6 9 8 5 7 1 7 1 6 10 10 4 14 7 7 11 8 3 12 7 14 10 5 4 10 7 9 14 4 13 12 2 6 6 11 8 5 4 8 12 9 10 13 10 7 3 6 4 10 3 11 11 8 3 2 7 5 1 1 13 10 7 1 1 8 11 11 14 12 4 2 10 9 11 12 8 5 14 4 5 14 8 8 11 6 14 9 11 5 5 12 9 2 11 9 12 12 7
198
7 2 6 2 9 2 5 5 10 4 3 6 1 6 3 3 9 6 5 1 8 10 6 7 3 8 1 4 3 8 9 6 5 5 7 4 2 1 3 5 2 8 4 4 9 10 7 6 10 4 2 2 3 9 5 2 8 7 4 7 7 5 6 3 3 10 6 5 6 4 8 10 7 6 8 4 2 3 7 2 3 8 9 6 2 9 4 3 5 7 4 2 2 3 2 7 6 4 8 6 6 10 5 5 3 4 5 6 2 7 5 8 6 3 5 10 9 8 7 8 9 3 9 7 4 3 1 7 10 5 4 8 2 7 1 5 7 2 1 1 5 10 7 5 8 6 1 1 5 10 10 9 5 11 6 1 7 5 4 5 7 9 10 2 3 7 2 7 10 4 1 1 1 1 10 10 10 6 10 1 4 8 1 10 9 2 2 7 9 6 4 4 8 3 7 8 1 10
108
7 9 16 3 6 16 1 16 9 16 9 16 12 9 12 3 2 4 16 18 17 6 5 5 6 2 18 14 5 4 11 12 13 4 17 2 12 14 15 4 19 8 9 11 19 10 6 7 14 9 2 13 6 11 13 4 10 13 14 14 1 14 5 7 10 3 18 5 13 16 5 12 18 6 16 4 16 6 19 16 19 1 6 17 9 15 17 17 18 10 15 12 5 12 9 13 8 3 8 15 1 14 3 10 7 5 10 13
108
3 12 12 7 6 17 2 17 11 14 11 1 17 12 4 16 4 2 6 8 19 3 15 7 17 12 2 9 15 4 6 6 3 2 4 4 12 17 2 11 9 2 10 10 6 5 7 15 7 15 8 12 15 10 14 10 8 8 5 13 17 3 5 8 8 4 2 16 7 13 1 19 8 17 8 5 12 10 13 2 16 3 9 7 3 1 8 15 14 16 18 8 16 15 17 1 15 3 6 11 7 17 15 10 15 3 11 1
13
66 150 48 94 27 90 100 153 80 65 148 16 38
31
33 16 34 16 53 26 62 57 27 43 54 64 48 33 2 30 41 48 3 8 45 25 30 60 5 51 16 43 6 28 34
32
56 19 48 2 30 3 17 49 8 38 22 5 29 55 7 33 62 44 10 41 3 46 26 33 50 44 33 14 32 23 12 47
53
36 32 32 16 23 18 7 15 34 25 32 23 17 36 3 15 1 20 23 6 7 11 19 22 26 23 29 34 33 18 35 23 15 25 37 5 3 27 15 3 18 18 15 10 24 19 9 26 21 4 10 1 11
53
36 21 17 9 15 1 1 15 2 13 14 3 21 14 36 6 31 21 19 31 35 7 24 25 9 19 10 16 4 6 26 14 29 36 38 24 9 18 24 26 37 2 23 17 23 34 18 11 28 22 7 6 4
141
1 9 9 13 10 7 5 14 10 8 8 7 4 14 4 8 14 8 11 6 14 1 3 8 9 14 7 8 14 2 14 13 13 1 14 7 5 1 12 5 6 3 12 11 14 6 11 12 14 2 5 7 6 5 3 14 13 11 6 7 6 8 7 8 11 3 3 12 2 3 14 6 12 10 2 8 14 8 10 11 11 13 1 8 8 10 2 9 5 14 2 9 4 10 2 10 4 3 6 2 3 12 6 12 12 10 12 5 2 11 14 2 8 7 6 2 10 10 9 12 4 12 9 14 15 9 13 5 6 14 4 3 12 6 12 10 6 7 6 12 9
93
2 15 8 1 15 7 7 10 15 8 1 15 19 10 3 21 17 12 10 7 11 14 13 7 2 13 5 4 21 12 17 11 14 9 15 4 11 14 2 7 19 4 8 21 9 4 19 19 7 22 9 4 20 17 6 16 3 1 10 1 14 15 18 21 16 21 1 8 7 15 19 5 6 7 10 6 22 20 20 21 13 3 11 17 8 2 20 4 16 14 13 7 8
77
7 15 9 18 15 13 7 11 21 18 20 26 22 9 10 26 4 26 11 11 12 4 24 9 16 26 21 3 13 6 3 13 5 22 10 16 18 22 7 4 10 15 4 13 11 21 4 4 2 9 8 6 3 22 8 10 14 16 7 26 19 11 11 13 16 17 26 3 4 16 11 8 20 25 6 14 21
