5
28
43 13 30 66 33 36 11 7 4 28 58 43 51 11 9 62 27 62 37 15 51 7 9 38 69 41 30 42
100
1 12 3 1 17 14 19 6 18 11 1 10 5 6 14 6 13 3 12 3 7 17 19 3 3 6 13 5 15 20 20 17 7 1 4 3 16 2 9 15 4 9 1 1 6 11 9 15 5 11 5 4 11 18 3 14 7 4 8 20 17 1 16 15 16 15 17 17 12 20 16 14 7 20 16 19 19 1 6 7 6 2 8 5 18 5 4 14 16 3 11 10 6 18 16 10 15 15 6 5
100
11 3 7 2 9 19 19 9 2 8 11 15 12 13 19 16 1 19 4 20 7 6 18 15 17 7 15 1 7 9 12 9 10 4 4 16 14 9 9 13 10 10 5 10 10 7 16 13 12 9 17 15 11 7 17 17 7 12 11 16 1 13 1 12 17 19 6 5 2 6 2 9 1 1 10 14 1 7 8 6 1 9 20 17 10 2 12 17 11 11 2 13 14 20 9 1 14 17 12 8
63
1 3 9 29 18 16 15 9 25 23 10 16 15 27 30 31 2 31 4 5 22 20 18 27 29 8 31 28 1 15 7 24 31 5 31 8 29 19 28 1 7 12 25 16 4 24 28 9 24 4 12 11 1 4 1 25 13 4 29 3 1 22 25
40
40 35 19 15 42 39 28 7 31 5 20 43 8 41 37 32 35 34 27 34 19 44 39 16 35 18 37 12 14 7 15 1 25 44 33 4 20 35 7 24
