90
234
7 3 8 2 7 4 5 4 8 5 9 7 1 8 9 7 1 1 3 7 9 7 7 2 2 6 7 1 4 5 3 5 4 1 2 8 4 8 3 4 3 2 7 8 6 6 6 4 1 2 7 6 4 8 5 5 3 8 5 8 8 2 2 4 1 9 8 8 2 3 8 9 4 6 2 2 7 6 2 1 9 7 2 4 9 4 5 5 6 8 2 9 4 2 3 6 9 6 7 1 3 6 5 4 4 6 9 7 3 1 6 6 6 3 2 7 8 4 7 6 6 9 5 2 3 8 2 2 5 8 1 8 8 3 8 4 6 6 4 3 8 7 8 8 1 3 1 7 8 8 5 4 7 8 3 6 7 1 5 6 4 5 4 2 1 1 8 2 2 7 6 7 2 4 9 8 2 5 6 7 7 3 1 4 6 7 1 9 5 8 2 8 6 1 2 9 6 8 5 2 9 8 1 7 1 5 1 4 6 8 8 1 8 1 6 8 5 5 3 3 1 2 8 5 1 4 4 4 8 1 4 4 1 1
226
2 9 4 7 8 9 7 2 3 5 3 1 1 4 7 4 3 7 2 2 1 5 5 3 6 6 8 2 2 6 5 1 6 5 8 4 2 5 2 3 5 2 5 7 4 7 3 6 2 2 5 1 6 3 4 5 1 3 2 3 3 7 8 5 8 3 9 4 5 3 7 3 1 9 3 6 4 5 9 6 8 2 1 7 6 5 2 6 5 7 3 5 2 1 9 9 8 2 1 4 5 1 4 8 1 8 3 8 9 4 8 5 4 1 5 1 1 4 2 8 3 3 2 2 6 5 3 1 5 1 3 8 5 6 3 1 2 9 6 6 4 5 7 1 5 3 8 4 5 6 9 6 1 3 5 5 4 6 9 4 4 2 4 2 1 6 6 5 2 1 4 8 6 5 9 5 5 4 6 1 6 7 2 5 6 8 3 9 6 9 7 8 4 9 4 2 9 2 8 1 7 6 5 2 7 6 1 4 8 4 2 6 5 2 3 5 5 5 4 8 7 3 3 7 7 3
110
14 8 17 5 2 7 4 3 15 9 17 10 8 12 11 17 9 11 12 13 1 15 4 8 17 6 2 16 3 10 9 7 5 17 14 19 15 8 2 6 15 14 11 8 9 17 2 11 17 15 6 8 14 7 8 15 8 10 15 7 2 7 10 12 1 10 4 12 3 5 2 8 8 7 11 2 9 12 19 18 15 2 14 6 9 5 6 7 12 12 1 12 16 10 11 16 13 12 18 6 5 18 17 15 14 16 15 11 4 11
174
1 11 9 5 11 5 5 1 9 9 8 5 3 7 2 3 9 3 6 3 3 8 9 1 2 8 3 10 10 7 8 12 10 5 5 8 1 4 3 4 8 3 8 6 9 4 10 5 3 11 5 3 3 4 6 2 2 6 6 2 2 10 11 9 3 5 1 7 4 10 3 7 9 10 2 4 9 5 9 8 6 5 7 8 9 3 8 7 8 5 4 5 11 11 3 12 12 1 7 6 4 10 11 3 10 1 5 2 1 6 6 12 1 3 3 8 10 8 5 7 11 10 8 10 3 8 11 11 1 1 7 8 1 1 3 4 1 2 6 5 8 11 4 5 8 1 1 11 9 4 6 1 5 9 1 2 6 7 7 5 2 7 3 7 7 8 5 9 9 9 11 1 12 9
203
8 6 1 4 9 2 10 9 6 4 8 5 1 1 7 7 5 4 9 9 5 7 5 6 7 10 4 10 7 7 6 1 8 2 4 1 3 1 7 1 8 10 4 1 2 9 9 4 5 6 3 6 4 6 3 2 8 7 8 5 7 5 5 5 5 8 5 10 3 8 3 5 4 8 2 6 6 8 9 2 10 6 9 1 9 9 3 4 7 10 10 10 4 1 7 1 2 6 1 9 2 9 1 10 4 6 5 9 6 7 2 8 1 1 4 9 4 4 5 2 4 1 10 4 3 6 8 10 2 9 9 1 6 9 4 10 7 8 3 5 4 9 2 2 8 4 8 5 5 9 5 5 6 7 6 5 4 7 3 8 9 4 8 8 3 8 4 9 3 3 9 7 2 6 4 6 2 5 6 7 3 10 3 6 10 9 7 8 3 5 10 3 6 6 3 5 8 7 7 4 7 3 3
170
8 3 9 9 6 5 2 11 7 6 5 3 1 1 10 11 6 1 3 7 3 5 6 1 5 3 9 12 8 9 12 12 8 2 7 4 4 3 8 4 11 3 2 1 8 2 3 8 3 1 2 8 4 2 7 1 5 1 6 11 6 7 2 2 8 11 2 8 12 3 4 6 9 5 1 9 9 7 6 6 8 8 6 5 3 3 8 6 9 12 7 7 6 9 3 3 5 10 5 11 4 6 10 7 10 1 7 10 6 1 2 6 7 12 10 12 5 8 11 2 3 11 10 8 10 2 6 5 12 8 3 7 6 10 2 4 6 8 12 3 2 6 5 10 3 6 7 9 4 2 4 9 8 10 4 3 9 9 4 2 8 6 1 12 6 11 8 12 8 6
222
4 1 4 7 9 6 5 1 3 5 3 9 1 1 1 5 4 6 3 9 8 8 3 5 8 4 4 8 5 9 7 7 7 4 5 1 5 6 7 5 9 1 4 3 7 1 5 8 9 6 3 3 5 2 1 2 7 4 6 7 9 6 1 4 3 8 8 8 2 8 1 6 9 5 2 3 6 2 1 1 1 8 6 9 4 2 8 3 7 5 9 1 3 5 5 2 2 3 6 6 2 3 5 2 3 2 6 5 6 3 3 7 1 1 3 8 7 4 8 4 1 5 5 7 7 1 1 5 6 6 9 9 7 1 9 1 4 4 6 6 4 5 1 2 9 6 9 8 7 8 3 6 6 1 9 8 1 4 8 7 2 4 2 4 3 7 3 6 7 4 2 1 4 1 1 9 1 6 1 6 3 9 2 8 7 8 5 3 2 6 8 5 2 5 7 8 2 1 2 3 2 9 2 7 2 6 1 4 5 8 7 1 5 9 8 5 4 9 7 9 1 3
284
7 2 6 3 2 5 3 5 3 2 6 4 3 1 2 5 3 3 7 5 3 5 6 5 3 1 6 1 4 6 1 6 3 3 7 5 7 6 3 4 5 3 7 3 7 7 1 4 1 1 6 3 2 2 1 7 3 2 7 2 3 4 4 5 3 2 5 3 2 1 6 1 6 5 5 1 7 4 1 7 1 2 7 1 1 1 4 7 6 4 2 2 3 2 8 6 1 5 3 6 3 4 2 2 7 3 3 4 4 5 5 1 1 6 1 3 2 6 6 1 4 4 6 7 6 2 4 2 1 5 4 1 4 6 2 6 7 7 1 6 3 4 2 5 1 7 3 1 3 2 3 1 7 2 6 1 1 6 5 4 6 5 7 6 2 2 7 3 4 1 5 6 1 3 7 2 6 7 7 2 8 2 1 6 7 6 7 1 5 4 3 5 5 3 7 3 5 1 2 3 3 5 5 1 2 2 2 1 3 6 6 1 5 5 2 5 6 6 5 3 1 1 4 6 5 7 1 6 2 2 5 4 1 2 6 4 1 2 2 5 7 7 2 2 2 4 1 3 3 5 3 6 2 7 1 5 2 1 6 4 3 4 1 3 3 3 6 1 2 1 1 6 7 1 3 6 7 6 5 4 5 6 5 1
86
12 6 10 22 4 24 3 22 1 18 8 16 14 12 8 3 16 20 14 5 1 4 3 8 3 15 24 12 21 7 23 8 17 22 20 7 17 21 5 21 15 16 18 7 20 24 4 4 5 3 8 23 15 6 13 8 10 20 4 11 3 17 5 12 10 10 24 16 17 14 9 16 16 1 4 21 10 6 23 23 18 23 14 21 3 5
258
3 3 4 2 6 2 5 7 6 1 3 3 6 3 7 2 6 7 4 5 4 1 5 5 4 7 1 4 7 5 2 1 1 7 2 6 5 3 4 2 2 3 4 2 7 4 4 5 1 6 3 8 3 6 7 8 5 3 2 8 1 4 5 4 3 3 5 1 5 6 6 1 2 7 3 7 6 1 7 4 6 3 2 1 6 5 3 1 8 8 3 4 3 6 7 5 6 4 6 6 6 2 3 5 4 6 1 1 7 3 2 5 5 8 1 5 8 6 4 4 4 5 5 3 2 2 3 6 3 6 1 7 8 3 4 2 4 7 7 5 8 7 4 3 1 1 8 6 2 8 4 5 6 7 5 8 1 3 4 6 6 3 7 2 5 8 8 2 4 6 7 6 8 8 2 3 1 4 8 1 5 1 8 8 2 8 1 8 3 8 6 5 1 2 7 3 6 3 6 6 1 8 1 7 5 6 1 3 8 7 5 4 8 5 7 6 1 3 5 6 4 7 5 5 1 3 6 3 7 6 5 6 7 1 1 2 8 6 4 6 1 6 4 5 3 3 4 3 6 1 8 1 8 4 7 5 8 1
24
15 82 17 39 36 6 48 15 72 3 57 66 36 7 1 70 57 57 53 73 6 33 19 49
300
4 1 2 6 3 3 6 4 6 2 5 7 4 6 3 6 6 2 1 4 5 2 6 5 6 4 1 6 5 7 5 1 6 2 3 7 6 1 4 5 1 6 6 7 3 1 4 2 6 2 7 4 4 2 2 7 1 5 5 5 3 6 5 1 6 5 4 3 4 5 4 6 1 4 2 2 1 5 4 2 5 2 2 1 7 3 5 4 5 6 3 7 4 4 5 5 5 4 5 4 1 6 6 6 3 7 1 1 6 5 7 5 7 4 3 4 4 2 5 2 2 2 4 4 5 6 4 7 5 2 7 2 4 3 7 3 6 6 3 1 3 6 7 6 2 3 5 6 2 5 2 6 7 3 3 7 6 1 1 7 4 1 2 5 6 6 4 1 5 5 3 2 4 4 1 4 1 2 3 6 1 1 1 6 6 1 2 5 1 7 6 1 6 5 6 5 2 5 4 5 4 6 3 2 4 1 5 4 5 3 2 2 4 5 3 7 6 6 5 6 4 3 1 4 2 3 4 3 3 2 5 6 1 7 7 1 2 7 1 3 4 1 7 2 1 2 5 5 3 5 1 2 1 2 2 2 1 5 6 6 4 6 7 1 1 3 1 6 5 4 5 2 3 7 3 4 4 3 7 6 3 2 2 4 1 7 5 3 4 4 2 4 5 1 7 3 6 4 3 4
105
17 16 3 4 14 8 2 11 2 19 12 9 6 15 1 4 11 7 3 11 4 8 18 17 6 6 16 10 4 14 8 10 7 6 13 6 10 14 5 14 11 9 16 14 1 17 3 5 19 9 4 18 17 9 7 4 2 4 16 2 7 16 3 2 9 6 19 4 6 5 2 4 14 11 19 1 5 2 13 3 9 18 15 9 1 5 14 5 17 13 11 6 11 6 3 6 6 17 11 11 13 17 18 4 10
109
13 1 3 6 4 11 16 10 9 10 12 10 16 15 6 10 3 11 11 13 17 8 11 9 8 18 8 2 7 6 10 17 18 19 3 19 13 19 5 15 8 4 4 7 5 6 7 6 17 5 5 2 9 7 17 10 17 18 4 9 7 1 17 16 13 5 7 4 19 12 14 18 3 8 15 16 7 3 14 13 10 12 8 8 14 1 11 9 5 9 19 12 5 7 8 3 5 7 14 5 16 8 2 12 4 3 10 16 2
269
5 1 3 8 7 4 4 2 2 7 6 1 2 8 5 5 7 7 6 2 4 3 4 6 2 1 5 2 4 7 2 3 3 4 4 7 1 3 3 4 6 2 6 5 3 5 7 3 1 4 7 1 5 3 2 4 8 3 4 7 3 1 5 8 5 5 3 6 7 4 6 6 8 7 5 3 1 1 4 1 3 2 2 4 5 4 5 4 1 2 3 3 7 6 7 1 6 5 8 7 8 5 3 2 4 4 4 4 4 8 2 7 7 8 2 1 6 3 7 7 2 4 5 7 7 1 7 7 4 8 4 8 3 2 5 7 4 1 1 3 7 4 2 7 1 2 4 2 6 5 6 2 5 7 2 2 3 3 7 2 6 8 1 5 3 7 4 8 1 3 5 8 5 8 1 1 6 3 1 1 2 7 5 2 8 1 1 2 2 2 7 4 2 6 1 2 4 5 2 3 1 8 5 4 2 8 4 8 1 5 3 2 1 3 4 3 7 5 6 4 6 7 2 6 2 5 4 4 2 5 2 7 7 6 8 3 3 3 5 4 6 4 4 1 3 6 1 6 5 5 2 6 1 7 4 3 7 1 4 1 7 2 4 3 5 7 2 7 7
237
7 2 3 2 6 8 1 4 4 8 2 6 6 4 2 8 8 8 3 4 1 2 3 1 7 5 5 1 6 1 1 5 2 2 6 7 6 6 2 9 7 4 4 1 3 5 9 4 7 7 6 6 1 1 4 3 8 5 7 4 5 4 7 9 3 1 1 5 7 7 8 7 8 8 3 3 4 1 4 7 8 7 8 6 1 2 1 1 7 4 8 2 8 2 9 2 2 1 1 8 4 7 3 7 1 2 2 5 5 6 5 7 3 8 7 9 7 1 7 1 1 7 8 8 3 1 3 3 3 4 6 8 2 2 4 6 2 3 6 5 3 9 5 3 5 1 8 3 7 1 1 9 4 1 7 8 2 4 1 2 5 4 7 7 7 1 5 4 3 1 8 8 2 5 4 9 5 1 7 1 7 9 8 8 6 6 4 7 2 7 1 2 1 1 6 8 2 4 1 6 4 9 3 3 3 7 5 1 4 6 3 8 7 5 5 8 4 2 1 2 1 2 7 1 4 5 4 7 3 1 7 1 8 4 2 5 9
32
17 38 41 19 23 45 14 59 23 10 9 1 13 16 20 18 61 14 52 36 48 6 37 49 34 29 11 53 39 20 26 21
103
15 1 7 10 1 1 18 8 19 17 1 8 18 8 12 15 2 14 13 18 5 12 15 16 19 3 16 4 8 15 15 6 17 14 16 5 4 14 2 5 10 1 2 12 1 16 8 3 4 11 2 14 5 17 15 3 13 10 4 20 19 2 11 10 11 17 8 1 2 18 4 4 3 3 5 17 12 7 9 8 13 8 15 18 8 14 5 4 5 1 7 4 13 15 8 2 9 16 14 2 7 2 9
161
8 8 10 3 8 11 10 5 12 6 1 4 11 9 10 13 6 5 10 1 5 7 7 5 3 11 9 1 12 12 11 1 9 4 7 7 13 10 2 9 10 1 8 11 5 13 2 8 2 1 6 4 4 10 10 4 8 5 5 4 1 4 7 5 13 2 10 12 13 3 9 5 8 6 1 8 5 2 5 8 7 11 6 9 3 9 5 4 7 10 1 12 7 7 1 2 11 3 9 11 6 4 2 2 4 4 6 8 11 9 9 7 9 12 5 13 12 6 9 5 1 10 8 4 3 3 9 11 3 7 6 12 4 8 2 2 3 11 1 4 7 1 1 7 3 10 3 6 11 2 7 3 8 4 7 12 12 5 11 6 10
14
55 113 131 34 54 4 40 136 28 4 67 27 118 133
77
11 18 12 3 3 5 22 17 24 22 16 24 4 1 2 13 23 4 25 12 14 26 25 8 17 17 17 20 13 14 3 14 18 14 10 17 2 10 20 23 11 19 9 19 19 20 10 20 26 24 2 4 21 20 9 25 7 25 17 7 21 4 9 11 3 4 17 20 10 7 1 10 3 19 16 26 14
215
7 2 8 4 3 5 2 6 9 3 7 3 3 5 9 6 5 4 2 9 8 7 8 6 4 6 9 5 3 9 3 2 5 3 6 8 6 5 1 3 7 4 4 8 7 8 9 2 2 4 3 8 8 4 9 3 2 8 5 4 2 9 6 7 3 8 7 2 3 4 3 1 4 7 4 6 5 7 6 6 5 3 4 6 2 8 1 4 2 8 4 6 8 3 2 1 4 7 1 7 3 1 5 1 7 8 10 8 8 5 7 2 8 2 3 3 2 2 8 1 2 4 6 9 4 4 10 10 6 9 3 1 1 3 7 2 4 1 8 8 8 7 5 9 3 8 1 1 9 6 9 6 1 3 4 3 9 5 9 8 4 8 2 1 10 3 2 1 7 9 1 7 3 4 6 2 1 6 9 5 10 4 2 7 9 9 6 6 9 8 3 4 8 2 8 9 7 10 2 2 1 3 6 8 7 7 4 1 4 5 8 6 4 2 10
179
7 3 9 10 6 11 4 11 2 7 4 1 7 7 2 4 12 8 1 11 2 4 4 10 5 11 2 5 3 3 5 2 11 11 6 6 8 3 5 1 4 10 1 10 11 8 9 3 8 5 3 5 9 6 6 3 8 1 8 9 4 7 1 2 5 6 8 8 8 2 7 7 8 10 4 10 7 8 1 2 10 5 6 8 3 3 10 7 11 2 3 2 9 4 4 6 5 5 8 5 10 2 6 4 10 12 6 8 5 9 7 10 4 8 3 5 5 3 3 8 11 4 5 3 4 8 9 3 9 8 8 3 7 10 1 6 6 7 10 10 4 6 3 6 1 9 6 7 7 1 3 2 7 5 7 9 11 4 7 5 8 6 7 11 9 4 11 10 3 5 1 11 3 9 4 8 4 4 5
109
15 1 2 2 15 11 18 15 17 4 3 3 8 16 7 3 5 4 17 11 2 6 16 5 6 9 6 14 15 9 9 18 7 14 17 18 4 8 6 18 12 14 19 13 12 17 11 12 1 9 3 5 5 8 8 9 3 12 8 6 17 17 11 14 2 7 8 11 14 1 13 15 9 8 19 11 6 7 5 11 18 11 19 4 11 8 16 3 18 17 19 6 17 15 9 13 8 12 13 9 5 6 3 3 1 7 4 2 16
226
6 1 5 6 8 5 2 7 8 5 3 1 3 9 5 2 6 6 8 8 7 8 8 5 1 6 3 4 5 6 6 8 4 4 5 3 1 9 2 1 4 4 2 5 8 8 8 5 9 3 3 7 5 8 8 4 6 2 6 5 3 7 2 2 3 8 2 1 9 6 9 6 4 9 5 5 1 7 7 8 5 2 8 6 6 1 3 4 4 1 8 6 3 7 4 5 6 6 6 4 4 1 8 1 3 4 2 9 6 8 9 9 3 2 8 9 3 4 3 7 3 1 9 6 1 8 8 6 1 2 4 4 3 7 5 3 1 6 4 9 1 2 4 1 9 9 6 5 5 2 1 7 1 2 2 6 2 9 1 1 7 6 1 7 7 2 2 9 8 1 4 5 2 7 7 8 7 1 8 5 3 4 9 4 7 6 1 8 4 1 5 8 5 3 2 9 2 6 7 6 6 5 7 9 7 5 8 8 8 4 9 3 5 2 4 1 4 4 7 2 7 3 2 9 6 8
180
7 4 4 6 9 1 2 10 7 7 4 2 10 10 1 1 3 5 9 7 10 6 6 4 9 6 4 8 7 3 6 2 1 9 1 6 9 7 10 3 10 2 1 6 6 11 1 8 9 2 3 9 8 8 2 2 10 4 10 4 4 11 8 11 2 2 11 4 10 3 6 11 3 11 7 6 11 2 7 5 10 8 10 3 1 5 4 7 8 12 3 4 11 8 1 1 11 9 5 8 5 11 10 6 6 7 11 4 11 5 1 5 5 4 1 1 7 9 11 5 5 5 7 5 11 11 4 8 4 2 8 6 1 1 4 2 10 11 3 10 10 9 7 8 3 7 2 2 7 3 3 2 2 8 7 11 1 3 5 10 7 1 11 10 5 9 11 10 2 1 8 8 3 12 7 2 3 1 11 3
111
18 17 12 18 7 4 13 14 17 11 11 3 2 12 16 2 3 8 5 11 7 15 3 16 13 15 5 15 2 11 13 2 11 17 17 13 16 9 7 3 3 17 4 1 5 2 16 14 12 4 13 5 8 2 7 13 9 11 13 7 3 13 13 8 18 2 5 18 19 15 17 7 3 14 14 7 16 18 15 12 9 3 9 17 8 8 1 18 9 7 13 17 9 5 14 16 13 15 2 5 18 15 4 5 14 11 8 3 9 2 4
182
7 4 1 2 3 8 5 11 3 5 6 8 2 1 1 10 6 5 8 2 11 11 7 10 6 10 1 6 8 8 1 7 7 4 2 4 6 9 2 11 3 6 9 3 4 6 2 2 5 2 4 11 5 8 3 9 2 5 1 7 2 6 9 4 1 3 6 8 10 8 2 4 1 2 5 8 1 1 4 9 9 11 1 4 4 7 9 3 10 7 5 1 6 2 8 4 9 4 9 7 11 1 2 1 10 5 3 9 6 5 10 7 7 3 1 5 2 1 5 11 4 10 8 4 2 10 8 6 6 4 11 3 4 5 4 7 6 11 2 7 3 8 8 4 2 9 9 7 11 1 4 4 7 7 10 9 6 4 2 1 3 5 3 2 2 11 1 7 11 6 4 5 4 11 7 8 6 10 11 3 9 5
296
4 3 3 1 4 3 4 4 5 2 5 3 3 4 4 3 5 1 5 6 4 5 3 6 1 3 4 6 4 1 6 6 3 7 4 7 6 4 7 3 6 7 2 6 4 5 7 5 6 6 4 1 5 6 1 5 6 1 3 3 1 6 4 2 6 6 4 3 6 7 3 7 2 7 5 5 4 1 1 4 2 3 3 3 6 7 5 2 5 1 3 1 5 5 2 5 3 2 5 5 3 5 6 4 1 4 1 4 2 2 2 3 5 2 1 6 4 7 5 6 1 3 1 3 1 7 1 1 6 5 2 4 4 6 6 6 2 6 6 4 2 3 2 5 7 3 1 4 2 2 4 7 2 5 3 6 5 5 3 2 2 5 7 2 6 3 7 2 7 6 5 4 4 2 2 3 6 7 5 6 2 5 1 1 1 2 4 4 2 3 2 3 2 6 3 6 7 5 3 6 4 1 6 6 7 3 1 7 7 6 5 6 6 7 1 7 6 3 6 3 3 7 7 5 7 6 6 2 5 6 2 2 6 5 7 5 2 4 4 5 4 4 3 6 7 3 4 2 3 4 5 6 1 3 4 2 2 7 6 4 4 1 1 7 1 6 2 5 5 7 4 2 2 5 1 1 2 3 6 3 4 3 1 1 6 4 2 6 1 2 2 3 6 1 2 3
121
3 2 1 6 2 8 14 12 14 4 1 6 11 4 8 13 10 6 15 9 1 7 8 11 12 6 6 3 8 5 11 2 16 8 17 14 8 7 7 9 2 8 3 11 9 4 12 1 6 17 11 10 1 6 16 5 8 10 16 16 4 11 12 2 12 11 16 12 15 15 8 14 1 16 8 10 13 8 4 11 9 9 10 14 8 14 11 13 13 4 12 2 4 1 2 16 17 15 1 16 16 9 4 4 6 7 2 7 16 12 11 7 13 4 14 15 4 6 14 4 4
155
5 9 5 9 9 11 12 3 10 3 2 2 7 11 4 12 8 11 5 5 3 6 3 4 1 10 12 9 6 8 11 9 12 6 1 6 1 4 7 9 4 8 11 5 7 13 5 5 11 13 9 1 2 5 8 4 2 12 2 13 7 3 10 5 2 12 4 8 3 3 1 12 2 8 5 12 12 13 2 5 9 7 3 10 8 3 2 1 1 10 4 8 3 8 5 6 4 1 2 11 4 12 10 3 3 7 3 1 6 9 9 9 10 12 9 4 5 5 13 7 1 9 13 1 4 1 12 5 8 13 12 4 6 11 12 12 11 13 8 1 6 11 10 12 10 8 4 7 4 2 1 11 9 3 2
254
2 6 4 8 4 2 4 4 1 7 3 8 2 8 4 6 4 3 1 2 4 3 6 7 6 5 3 8 8 5 6 7 1 8 2 5 3 1 8 4 3 4 7 8 1 7 1 7 3 6 7 1 2 2 3 3 3 8 6 8 7 3 6 3 7 4 5 2 1 3 6 3 5 1 6 8 2 1 2 4 5 1 4 1 7 1 7 6 1 8 5 6 6 4 2 2 5 4 5 8 8 3 3 7 2 8 2 3 6 3 1 3 3 8 1 7 4 4 8 2 7 2 3 5 3 8 2 1 5 4 7 6 7 3 1 6 5 5 7 1 8 2 4 2 4 3 2 5 5 5 4 8 3 1 7 6 3 1 1 3 2 6 6 6 3 1 2 5 4 4 3 1 6 7 1 6 3 2 3 3 5 8 8 5 7 4 2 3 1 5 5 4 5 6 7 7 6 8 8 3 1 8 7 2 1 5 1 4 1 1 8 6 5 5 2 3 5 7 1 7 2 1 3 5 4 2 7 8 3 7 1 1 3 4 8 3 7 4 4 3 3 5 7 1 4 4 4 7 2 3 1 4 6 8
4
199 300 172 457
164
11 9 5 2 11 7 11 10 7 2 1 2 12 3 8 3 9 5 10 8 11 11 3 4 10 3 4 9 6 9 4 3 6 12 5 3 6 2 8 3 4 4 1 13 2 11 9 2 6 1 12 7 5 9 1 11 7 3 4 9 4 2 13 5 7 9 2 2 4 9 11 11 8 10 4 9 1 11 4 12 8 4 12 8 7 6 9 12 4 8 7 6 8 11 11 4 9 11 12 8 6 8 7 3 13 8 13 3 5 11 11 7 6 10 9 11 1 5 13 9 5 6 12 6 1 4 12 1 3 3 3 2 10 3 10 6 2 7 2 2 9 3 12 5 1 12 3 6 11 9 13 11 3 1 12 1 2 11 10 6 11 2 8 6
270
5 6 1 3 6 1 7 2 8 1 3 3 1 7 2 8 3 2 8 8 4 8 1 1 5 2 6 7 7 5 2 3 4 3 7 8 2 5 7 2 1 3 4 6 8 7 3 5 7 7 4 7 2 5 7 1 4 5 4 4 7 7 5 2 1 2 6 6 7 2 3 3 5 4 2 6 5 3 1 7 4 1 2 6 6 6 4 4 7 5 1 7 2 6 3 3 1 2 1 2 2 4 7 3 7 2 2 7 7 6 7 2 5 2 5 6 8 7 3 3 1 3 1 4 7 7 6 6 2 8 4 5 5 5 4 2 1 3 7 4 4 5 2 7 6 1 5 4 4 3 1 4 4 8 6 7 8 4 7 2 6 6 2 5 4 1 6 1 6 1 1 6 2 7 1 7 7 5 4 3 3 5 3 4 5 2 3 6 4 2 5 5 2 4 5 2 1 1 3 5 7 6 3 4 1 4 1 2 3 5 4 4 7 6 4 4 6 1 5 7 7 8 5 3 8 1 5 6 3 3 7 6 5 4 3 1 4 5 7 6 6 1 4 7 1 1 6 7 5 1 1 5 3 5 1 7 1 3 8 7 6 4 6 3 7 4 7 1 6 5
272
4 3 8 7 8 6 7 7 4 7 6 5 2 3 4 2 7 4 7 8 3 4 7 7 3 8 1 2 6 5 1 6 1 3 4 3 6 3 6 2 4 8 4 5 4 6 4 3 7 7 7 7 7 6 3 7 8 3 7 2 4 6 1 7 8 4 4 3 5 8 7 4 2 5 7 7 7 1 2 6 6 3 6 2 4 5 3 1 4 5 2 6 3 3 2 4 4 7 3 3 3 5 8 1 8 3 7 3 4 1 7 2 2 6 3 6 8 4 6 7 6 5 4 2 2 4 1 3 1 3 6 2 1 3 5 8 1 6 1 4 2 5 4 4 7 4 7 6 5 6 7 6 2 3 2 5 8 2 7 2 2 1 3 4 1 6 4 2 6 4 4 5 6 6 3 2 3 3 4 2 5 6 7 7 6 6 5 7 4 3 4 6 1 4 7 1 5 5 3 4 8 3 4 5 2 4 3 4 7 4 3 6 2 6 4 7 2 5 6 5 4 5 7 4 1 6 8 2 1 7 7 8 5 2 3 1 7 1 4 5 1 5 8 4 7 3 6 4 3 1 6 7 1 2 7 6 4 6 3 3 1 6 7 3 2 2 2 1 7 6 6 2
275
6 3 5 5 2 6 3 7 6 4 1 7 7 7 7 4 3 7 6 1 1 2 5 3 6 6 1 2 7 5 7 6 6 1 2 3 4 5 6 6 3 6 8 1 4 6 5 2 7 6 4 5 2 6 2 5 8 3 1 4 1 6 7 4 3 7 6 4 4 1 3 5 5 3 5 1 3 5 5 3 2 7 7 6 4 4 8 3 2 4 7 2 5 7 5 7 6 1 2 1 7 6 6 4 1 7 6 6 1 4 3 2 4 2 3 4 7 5 2 2 1 6 8 6 7 8 6 2 2 2 6 6 5 3 3 4 8 3 1 3 2 1 3 2 3 4 5 6 2 5 1 2 4 1 8 3 5 4 2 5 6 4 7 7 2 4 1 4 6 2 1 3 4 6 6 4 2 5 7 7 2 6 6 5 3 4 3 6 3 6 4 3 4 3 4 4 6 4 1 7 4 2 7 7 4 1 1 8 5 6 2 3 2 7 6 6 3 1 3 3 8 1 6 7 4 5 4 6 5 2 4 6 4 1 4 6 4 5 7 2 6 7 4 5 6 1 1 4 5 1 5 5 4 5 5 4 5 2 1 1 7 5 8 2 6 7 6 6 1 5 7 5 1 5 3
64
29 14 25 30 29 21 28 31 29 29 22 8 32 26 3 7 26 23 18 5 25 30 26 7 26 29 12 15 10 18 9 27 26 10 13 16 1 4 29 26 31 17 24 5 7 18 27 29 11 26 15 25 19 10 17 7 30 30 17 22 12 29 8 2
230
8 5 9 5 5 9 8 8 8 4 3 9 2 9 6 6 5 8 5 5 2 5 2 2 2 2 9 8 7 5 1 7 5 4 9 4 7 9 8 7 2 3 3 5 6 1 5 1 8 6 5 5 3 6 6 4 2 2 6 3 6 1 4 4 5 5 3 4 6 5 1 4 7 2 3 5 4 2 8 9 9 8 3 4 4 7 2 9 5 8 3 3 1 9 7 8 2 8 2 2 3 6 6 6 6 6 2 6 4 1 2 4 3 9 1 8 8 7 5 1 2 8 4 4 3 4 3 2 7 1 4 7 3 5 9 9 2 6 1 9 7 7 8 5 2 3 6 9 2 7 9 3 7 7 7 1 2 7 2 1 6 5 4 4 9 1 8 3 9 1 8 6 9 3 2 3 4 4 2 8 8 8 5 4 6 3 6 5 9 5 2 3 4 2 8 6 2 5 4 5 4 1 1 9 8 5 3 3 8 3 1 2 5 2 8 2 5 1 7 6 3 5 6 3 2 4 7 1 8 1
25
71 33 21 77 66 46 2 36 56 66 46 12 37 43 14 2 78 2 67 78 25 11 67 54 15
54
32 37 16 3 30 19 33 6 2 15 31 25 28 1 16 9 36 33 18 2 14 34 8 11 36 6 16 25 31 17 37 21 9 17 35 11 20 29 12 10 5 2 28 17 32 30 9 3 21 29 27 12 29 32
220
7 6 7 6 1 6 4 3 9 6 5 8 2 5 3 1 4 8 1 2 4 2 3 9 5 8 6 6 3 4 8 8 3 9 3 1 7 2 4 7 6 8 7 1 1 9 3 6 7 8 1 2 1 8 2 6 9 7 5 7 3 6 5 1 7 9 5 7 4 8 6 9 4 9 4 9 7 2 8 5 1 1 9 5 1 5 7 5 2 2 9 7 4 1 1 9 4 8 7 9 2 4 2 3 5 8 3 1 4 2 2 6 2 3 6 7 6 9 5 7 7 6 8 8 1 6 5 9 8 4 8 7 9 2 6 4 5 3 1 4 1 6 1 1 8 9 7 9 7 1 5 8 1 3 4 5 4 2 1 9 1 2 2 9 2 8 9 9 1 5 5 7 6 4 1 4 6 1 4 9 8 2 1 4 5 2 7 3 1 4 6 3 4 3 5 2 2 5 3 7 5 3 6 6 1 7 8 4 5 1 5 7 9 7 2 4 2 1 6 9
45
17 19 5 35 6 35 32 13 10 21 31 23 14 41 10 10 4 15 29 25 16 29 34 2 34 11 13 41 15 26 8 34 4 25 14 4 28 22 28 16 32 9 24 6 22
100
16 7 6 7 19 4 13 16 11 6 13 12 20 14 19 2 2 18 5 18 11 14 20 19 11 10 3 10 6 12 8 11 14 9 9 15 20 1 7 17 10 4 2 3 14 17 12 8 10 11 3 19 11 17 19 10 3 6 13 13 13 14 14 18 2 20 18 5 14 1 3 15 2 17 19 15 11 8 1 14 2 19 5 6 5 13 19 19 12 13 6 6 12 11 10 17 15 7 20 4
269
7 1 4 3 2 4 1 4 7 3 3 1 1 3 4 4 5 7 8 2 2 8 6 8 5 4 7 2 2 4 6 1 3 6 4 2 2 5 5 1 4 1 7 6 1 2 1 1 7 8 2 2 4 4 1 1 6 6 6 7 7 5 3 5 6 3 6 4 5 7 7 2 1 1 1 8 4 8 5 7 5 5 2 2 7 1 8 8 5 2 2 7 3 6 3 6 4 4 2 7 1 1 1 5 8 6 8 1 3 1 5 1 3 4 6 4 2 6 4 4 5 1 6 4 6 1 2 5 5 3 2 2 1 1 3 3 6 8 1 8 1 1 1 2 4 5 4 5 6 6 4 6 4 2 1 7 1 1 5 8 3 4 5 4 5 6 2 2 7 4 3 8 1 2 6 7 7 3 5 5 3 3 6 4 2 3 7 4 6 3 6 1 3 1 2 5 7 5 4 4 5 7 4 7 4 5 4 1 4 4 5 7 1 6 6 5 8 3 2 7 3 7 1 6 6 6 5 7 3 7 2 5 8 2 7 3 7 5 3 7 8 1 6 2 8 5 3 6 5 3 2 7 8 4 1 3 5 1 1 1 6 4 2 4 3 5 4 7 5
226
3 9 9 9 7 4 4 3 7 4 5 6 1 5 8 9 1 9 3 5 7 7 3 9 6 2 6 9 4 2 6 2 3 6 7 6 3 9 8 1 9 4 9 3 8 3 3 2 8 8 3 9 8 3 5 8 9 8 3 5 1 2 6 5 7 3 4 6 2 9 7 7 1 4 4 2 7 3 3 5 8 4 5 5 2 7 3 1 3 1 6 1 4 5 4 6 4 5 3 4 2 2 3 5 4 6 6 5 7 6 9 3 1 1 9 8 6 7 3 2 9 2 5 8 6 5 6 7 1 8 7 8 5 6 3 8 7 8 4 4 1 4 9 8 1 4 4 3 3 8 7 8 5 9 5 6 5 2 1 8 2 9 4 5 6 4 4 8 8 2 4 7 1 9 5 6 8 9 9 8 7 8 2 8 9 2 1 6 8 7 4 5 9 7 5 5 3 4 3 9 3 6 6 5 2 7 5 6 7 6 2 5 5 6 2 1 4 2 5 8 8 7 4 6 1 8
146
5 9 1 10 8 2 12 2 12 8 4 14 10 2 2 10 4 2 9 1 14 12 12 4 11 6 13 14 6 7 9 4 14 10 5 10 12 7 9 4 11 7 1 5 2 5 3 7 4 5 11 9 2 9 4 10 2 5 8 5 12 11 5 7 2 4 6 8 2 8 7 9 1 13 9 5 7 6 2 9 9 8 6 3 7 2 9 6 7 14 10 7 1 4 10 12 11 5 7 9 3 11 2 7 11 8 10 14 14 12 2 8 4 5 8 14 2 1 8 7 11 11 7 2 13 9 6 8 12 4 3 2 7 12 4 10 6 12 5 14 8 9 7 9 10 9
84
10 5 10 23 7 12 13 19 18 2 15 22 20 20 15 11 12 8 2 16 23 13 21 1 14 10 19 4 13 2 5 12 14 7 23 7 1 21 4 22 16 2 2 16 10 10 3 20 24 22 14 20 24 2 18 5 19 23 10 24 10 20 1 11 12 17 23 7 19 9 15 1 4 21 21 2 11 8 6 9 1 23 15 18
92
5 8 9 4 13 4 11 6 16 2 4 21 3 21 1 1 15 17 21 3 20 2 10 2 8 16 21 1 12 20 21 20 15 11 14 22 21 13 9 1 4 15 21 1 7 14 5 22 12 6 17 3 18 5 17 7 2 13 22 11 3 13 4 10 12 16 1 8 13 15 14 13 11 19 3 3 3 11 10 7 2 16 14 16 19 12 18 6 7 22 16 15
176
1 12 11 1 11 9 8 10 5 4 3 7 9 6 11 12 4 4 5 7 4 2 5 4 2 3 8 11 1 1 7 2 1 6 10 1 2 8 12 12 10 8 6 9 10 8 6 3 8 1 11 11 11 2 11 11 7 2 6 6 11 9 6 8 6 11 1 10 2 4 11 1 8 1 2 7 1 7 2 5 2 4 1 7 6 6 4 7 7 5 7 9 11 1 8 4 8 11 6 11 6 2 6 4 6 5 2 8 9 11 1 8 4 3 8 5 4 9 9 8 10 2 8 4 4 11 10 12 3 11 8 11 1 1 1 1 8 5 2 4 1 7 1 10 11 6 11 5 8 6 3 3 2 10 10 6 4 5 6 3 3 6 1 6 11 12 12 11 3 1 2 1 5 3 12 8
203
2 3 4 10 4 8 3 10 5 5 5 10 1 3 7 9 9 5 10 5 7 10 6 6 5 10 9 4 2 9 5 7 5 1 2 6 5 1 9 2 10 3 8 5 10 5 5 8 4 2 5 2 3 6 3 5 9 9 2 7 1 9 4 1 3 7 6 7 2 8 3 10 10 8 5 7 1 1 3 9 8 5 5 4 2 6 1 2 10 6 10 7 9 8 4 2 6 1 1 4 10 5 10 2 1 3 2 8 9 7 9 7 3 1 3 4 7 10 8 9 5 8 7 10 4 6 10 6 6 8 2 5 2 8 8 7 10 8 2 2 6 5 3 5 3 4 3 4 10 9 7 2 5 1 6 1 6 7 5 9 5 9 5 1 6 9 6 9 1 4 7 9 9 6 4 4 9 3 10 3 5 6 2 9 6 6 8 5 5 9 9 7 8 7 8 5 10 9 3 2 6 9 3
4
9 128 294 487
97
14 19 1 19 2 15 18 21 17 6 12 11 20 9 12 17 2 3 6 3 12 6 3 15 18 20 5 14 19 6 20 13 3 6 7 14 15 1 6 19 3 17 7 4 15 3 1 9 10 19 5 1 9 18 1 4 20 9 13 16 2 1 12 21 4 4 10 17 16 2 7 10 10 17 1 11 13 1 16 13 5 13 10 2 12 15 17 1 14 9 14 19 13 1 4 1 1
204
4 9 8 1 4 3 7 6 1 4 6 8 9 5 6 9 2 8 7 7 10 2 9 4 3 7 10 8 9 9 7 3 10 2 7 5 4 2 4 5 3 10 6 10 10 7 7 6 6 10 3 6 7 5 7 2 5 1 2 2 10 5 6 1 1 7 9 7 7 10 8 10 1 6 7 8 4 10 10 2 4 7 9 1 6 4 9 8 9 5 3 10 2 5 4 10 6 10 2 8 7 7 3 7 8 6 4 9 8 8 3 5 8 5 2 6 2 1 7 2 8 3 6 7 3 6 5 6 3 2 6 6 7 3 1 9 10 4 4 7 7 9 7 6 10 3 9 1 1 3 4 1 4 5 7 6 9 9 9 8 3 1 5 2 1 5 5 4 1 7 4 5 2 6 6 3 10 4 9 3 7 10 10 3 8 1 4 1 10 3 6 4 1 5 6 9 7 4 2 2 4 4 1 3
47
2 23 36 26 23 5 31 7 37 14 43 19 21 13 40 16 21 12 15 17 26 33 21 8 25 21 7 7 1 1 33 14 5 2 11 37 15 34 17 24 9 23 20 18 18 40 4
159
13 4 6 12 10 7 5 1 7 11 12 10 6 1 4 6 9 5 10 10 9 8 13 8 9 10 5 3 7 10 7 13 12 6 6 5 5 7 6 6 2 8 3 2 8 9 1 13 2 3 1 3 9 10 12 9 9 8 12 12 7 9 7 5 4 1 5 9 4 1 9 3 1 2 11 6 4 11 10 1 7 9 6 2 6 5 5 9 12 4 13 2 7 1 12 11 1 8 9 10 10 8 4 12 9 11 3 12 3 10 9 7 8 11 8 12 9 3 12 5 13 8 8 5 10 5 1 9 10 5 5 2 2 1 4 5 9 11 4 5 10 4 9 2 1 9 11 5 11 1 4 12 5 12 1 3 4 2 7
16
36 94 77 11 83 5 8 79 12 124 120 99 116 72 107 108
18
1 26 107 31 10 95 20 38 36 7 55 21 102 7 34 85 1 34
61
3 6 12 13 31 26 7 32 10 18 29 21 17 33 2 2 30 20 32 23 13 24 13 33 25 2 33 18 15 6 25 7 21 19 26 20 18 30 6 17 25 17 14 15 33 17 13 11 20 26 31 23 13 25 31 20 10 19 11 32 3
166
12 10 9 2 11 1 5 8 2 4 7 12 6 6 10 6 10 1 1 10 4 11 6 1 7 9 3 2 12 12 11 7 7 7 10 5 7 6 10 2 10 11 7 5 6 12 11 1 6 4 3 11 3 12 3 7 5 4 4 11 6 2 11 11 2 6 7 3 1 8 12 5 12 8 5 3 9 4 12 3 3 12 6 7 9 11 12 3 12 10 12 4 1 10 1 11 9 2 8 4 6 8 5 10 3 12 12 9 11 12 8 1 8 5 2 6 2 8 4 10 3 4 2 7 7 9 10 7 11 7 3 2 5 1 9 1 3 5 6 12 11 3 8 4 1 12 4 8 4 3 11 6 11 1 4 3 1 6 10 1 6 1 6 10 3 11
198
1 8 3 10 8 2 4 5 7 1 2 8 7 3 8 4 3 4 1 4 6 7 9 4 8 5 7 6 3 8 2 8 7 2 2 3 5 2 10 2 1 7 5 5 9 2 2 7 1 8 3 1 2 7 1 4 7 7 5 8 6 8 4 11 3 2 5 6 3 4 3 1 4 2 9 7 7 5 5 5 8 6 1 5 4 7 8 1 6 1 9 5 4 2 10 7 10 4 5 5 6 9 11 9 4 9 4 7 9 9 10 2 7 3 6 4 2 6 7 7 6 2 6 8 9 6 8 2 3 3 4 5 7 2 3 6 7 5 6 6 10 7 8 9 9 8 6 10 6 8 1 6 9 9 10 8 4 3 9 9 1 6 9 4 10 2 10 4 2 6 4 4 5 5 8 1 1 9 7 10 5 10 9 6 4 7 10 3 9 7 7 9 9 4 5 2 2 7
144
5 12 1 3 13 5 14 12 13 5 7 13 13 13 2 5 12 11 13 7 14 9 2 9 8 8 8 3 7 4 11 10 6 13 10 3 7 1 9 5 3 5 3 12 6 2 9 7 11 6 8 8 3 7 6 3 12 12 6 9 10 8 5 8 6 5 5 8 6 12 1 4 11 4 4 6 1 10 3 14 1 8 5 9 1 7 13 7 8 4 4 5 10 2 12 13 2 5 14 6 9 6 10 2 10 2 9 2 13 6 8 2 4 3 9 9 6 6 2 13 4 2 9 9 12 9 2 8 6 8 8 1 14 3 3 2 3 1 11 11 6 7 13 9
138
11 6 1 7 8 1 1 12 9 2 1 12 4 3 13 11 14 14 6 4 4 15 4 5 5 1 10 13 11 12 1 9 4 11 14 10 11 8 2 7 4 10 8 10 13 4 11 2 1 13 4 14 11 11 9 12 12 2 5 13 14 14 7 3 4 5 15 15 13 14 3 10 5 6 8 11 3 4 12 12 12 9 6 15 1 8 15 14 10 11 12 6 12 4 7 12 10 10 12 2 12 6 12 3 8 6 4 9 6 6 12 3 13 3 12 8 10 4 9 15 11 10 7 14 7 10 10 7 7 12 5 3 5 8 7 10 3 3
248
6 1 6 7 7 4 8 7 4 4 8 3 9 2 7 8 1 5 9 7 7 3 5 2 3 2 2 1 1 4 8 1 4 8 8 8 7 5 6 1 1 3 4 2 5 7 2 1 1 7 1 7 8 4 8 6 4 1 6 6 9 1 1 5 4 3 1 5 3 7 2 4 7 8 1 7 4 6 5 1 4 5 6 5 8 8 7 4 2 8 2 3 4 6 4 6 8 7 5 3 5 6 3 2 1 5 6 3 4 1 4 1 8 5 8 4 8 9 7 7 7 5 2 8 6 7 7 7 7 7 7 1 7 6 3 1 8 1 1 6 3 8 3 6 5 2 8 3 5 5 1 5 2 7 7 4 4 5 1 3 9 7 6 1 4 8 8 7 7 4 1 3 6 8 1 8 3 7 6 8 5 3 7 6 2 2 7 1 7 6 6 7 4 4 8 3 3 1 7 7 6 4 5 3 3 1 8 4 3 4 7 7 9 6 7 6 6 4 2 3 8 1 3 7 6 2 6 3 3 2 7 5 2 3 1 3 7 3 4 4 2 2 1 3 7 5 3 3
63
19 22 11 24 6 12 15 19 19 21 6 32 15 29 18 11 10 2 31 32 10 30 8 32 14 22 16 13 11 32 17 30 27 17 31 22 4 21 25 25 16 31 26 1 30 2 28 21 12 10 9 11 8 26 24 32 27 32 18 9 32 28 16
15
3 30 67 126 100 41 86 125 73 78 23 50 37 87 22
138
8 12 3 5 7 8 1 2 14 6 7 10 2 9 5 9 3 9 8 3 10 15 9 6 8 13 1 4 13 1 2 6 14 11 6 5 6 3 1 11 13 11 4 1 11 2 13 3 2 4 8 5 1 15 3 6 5 13 14 1 13 2 14 5 6 5 15 10 13 1 14 2 6 4 12 9 3 3 8 1 1 4 5 7 8 1 2 8 9 13 8 12 1 14 5 1 6 15 10 14 4 12 10 8 10 4 8 5 3 7 12 1 15 7 5 12 1 14 13 2 9 11 8 11 13 2 1 10 1 5 15 12 4 12 14 8 2 5
8
223 246 28 21 119 24 91 102
147
1 1 11 2 12 1 11 8 7 13 2 14 1 8 3 13 10 1 7 10 12 8 7 1 12 7 1 8 5 6 11 6 7 10 4 1 7 12 2 11 12 8 10 1 2 3 2 9 9 1 11 9 11 2 4 11 11 9 1 2 9 12 13 2 1 2 9 6 7 2 1 2 12 10 1 2 8 5 3 3 1 3 10 1 7 11 3 14 14 2 1 3 11 1 6 12 9 4 9 6 3 10 11 5 9 11 1 5 14 12 2 1 7 7 11 7 3 6 12 6 6 6 4 5 13 1 12 3 11 11 12 5 5 9 3 10 5 2 10 4 2 7 11 11 11 11 6
240
3 8 1 5 5 8 5 9 4 8 7 1 4 9 6 2 9 4 6 5 3 1 5 9 8 3 4 8 3 3 4 2 8 2 1 5 5 6 9 3 5 6 4 1 9 5 4 8 4 3 8 9 8 5 2 1 6 4 5 2 9 3 9 2 8 1 9 3 6 8 3 7 8 6 7 6 5 6 2 1 1 3 4 3 9 7 1 4 4 7 8 3 1 5 7 4 8 8 4 5 2 2 6 3 5 8 3 8 6 4 3 2 2 7 6 5 5 4 4 5 8 8 5 5 8 2 4 4 3 4 7 3 4 3 2 1 1 2 1 3 1 1 6 5 5 2 3 6 4 1 3 1 2 7 3 8 1 2 6 1 6 2 8 4 7 6 1 3 6 5 3 6 4 8 1 7 8 6 6 8 2 3 2 4 7 6 2 9 6 7 2 6 8 5 6 1 4 5 2 1 4 3 8 8 7 6 3 1 5 8 5 7 1 8 6 5 6 5 7 7 5 1 4 1 9 6 7 7 8 4 4 5 6 4 6 7 6 2 2 3
26
32 38 5 44 2 4 42 33 47 67 20 25 12 58 7 72 69 67 37 77 71 69 10 57 68 76
163
5 1 1 11 8 11 4 1 7 2 12 9 6 1 9 8 8 3 4 4 4 12 4 3 9 1 11 2 6 3 3 1 4 11 10 4 5 12 4 8 2 6 4 8 10 9 10 8 9 2 1 7 10 4 1 3 6 1 6 9 10 5 2 6 6 7 10 9 9 9 2 10 7 9 9 8 11 10 7 6 6 8 10 1 4 3 8 10 4 3 4 6 3 10 2 11 9 5 3 7 3 1 6 2 11 2 5 9 4 1 7 10 9 2 5 7 7 7 3 1 3 9 10 12 5 11 10 5 7 8 4 8 12 10 4 10 8 5 8 12 4 11 4 8 11 1 6 11 4 9 10 9 12 8 11 12 2 11 9 6 1 2 12
286
7 6 4 3 1 3 5 1 2 1 6 2 3 7 5 7 6 5 7 3 5 3 7 7 4 7 4 5 4 2 4 6 7 3 1 1 5 1 6 5 5 7 7 3 6 1 7 4 2 1 5 7 2 7 7 6 7 5 2 2 7 6 1 6 3 5 7 1 3 7 7 7 3 6 2 5 5 1 2 1 4 5 4 6 4 1 6 5 5 7 1 1 7 4 1 3 4 6 5 5 3 4 7 6 2 7 1 4 7 2 2 4 7 3 4 7 4 2 4 7 6 1 3 2 1 1 5 7 1 5 5 2 6 4 3 3 4 6 5 1 5 2 4 6 7 7 1 1 3 2 6 6 1 6 1 4 6 5 7 1 5 3 3 3 4 4 1 7 7 3 2 4 4 7 7 2 7 4 1 5 5 5 5 6 6 4 1 2 5 1 6 7 1 1 4 7 1 4 4 2 1 6 5 2 1 7 7 7 1 4 7 2 3 5 4 1 3 6 5 3 3 5 7 5 2 7 4 5 1 3 4 7 4 6 6 7 4 1 2 4 7 4 1 2 4 4 6 4 6 6 4 5 5 6 5 7 4 1 6 2 1 2 3 2 5 7 3 2 5 4 3 4 7 1 2 4 7 5 5 2 6 3 4 1 5 5
190
5 1 9 4 10 2 6 4 1 1 7 9 1 10 8 2 10 6 2 8 9 8 8 4 10 7 9 5 9 5 9 3 7 8 9 4 9 6 5 2 9 11 10 2 8 2 1 2 8 7 9 11 10 6 5 1 2 3 9 4 10 3 7 9 9 6 3 6 10 3 8 8 1 7 10 11 2 6 2 10 6 9 7 7 8 2 10 6 7 5 2 2 1 9 10 9 4 3 7 11 8 1 11 5 6 9 2 10 2 7 3 11 3 5 9 9 3 9 10 1 4 7 3 8 2 5 10 4 2 8 9 3 4 8 8 6 1 9 7 4 6 9 5 5 11 6 3 4 6 8 4 5 1 3 8 2 7 9 10 2 4 8 8 9 8 9 8 8 6 7 6 8 9 8 2 9 11 4 7 3 6 1 1 9 5 5 4 4 2 1
286
4 7 4 7 7 3 6 5 2 6 2 1 1 3 5 6 2 5 6 4 1 1 4 3 2 6 7 1 7 6 5 1 5 3 1 6 4 7 1 5 1 2 4 3 1 3 3 5 1 2 6 7 1 5 5 5 3 6 7 7 7 6 6 5 4 4 3 7 6 5 4 4 2 3 7 7 7 6 7 2 5 6 3 5 6 3 6 3 4 6 2 6 5 5 3 7 5 6 7 1 7 4 5 1 5 6 4 7 5 3 2 5 5 1 1 5 1 1 5 1 4 1 7 6 7 1 7 7 4 3 3 3 6 1 4 2 3 7 6 4 2 1 2 5 5 5 7 7 1 3 6 6 4 1 7 1 5 7 7 4 3 4 5 6 5 2 5 4 7 1 4 5 4 6 4 5 2 7 4 4 4 7 3 1 1 2 2 5 1 6 5 1 5 5 4 4 5 4 5 2 3 1 7 6 7 7 6 7 5 2 2 5 2 5 3 7 3 1 5 5 1 4 2 3 2 4 4 6 7 6 7 4 4 6 7 7 4 7 5 6 3 5 3 2 1 2 4 7 1 4 5 5 3 1 5 1 7 3 2 4 4 6 3 1 4 7 7 5 6 1 3 4 7 1 6 3 2 2 3 7 2 1 5 7 3 1
185
2 2 2 6 9 6 10 6 7 5 8 3 4 9 6 1 6 3 11 9 6 1 9 2 9 2 2 8 3 3 9 5 2 3 3 3 6 7 1 9 8 7 4 10 4 9 4 1 1 1 5 5 8 7 10 6 7 9 6 8 4 6 6 4 6 11 11 3 10 9 4 10 6 3 5 6 6 9 10 2 5 11 7 3 1 2 2 8 10 4 2 7 4 4 6 10 7 2 10 9 7 5 10 5 11 1 7 6 10 2 7 5 5 5 9 2 11 9 2 11 10 5 9 8 11 2 4 6 11 10 6 7 3 6 1 9 6 3 11 4 3 4 9 4 10 2 4 1 8 11 6 9 10 10 9 1 2 1 6 3 2 6 2 9 3 7 3 6 3 11 7 3 6 8 4 4 6 9 4 6 2 2 2 2 2
221
8 9 4 5 7 7 6 9 5 7 5 5 7 3 9 6 2 8 1 5 4 4 4 1 1 5 3 5 5 4 5 1 3 7 10 4 7 4 4 6 2 1 2 8 5 6 2 6 4 2 8 5 5 9 5 4 3 2 3 9 2 4 8 4 4 4 3 8 5 2 2 8 3 6 1 9 1 8 6 9 4 1 6 8 3 5 8 8 4 6 3 8 3 5 2 3 1 8 6 7 8 6 9 4 1 7 9 7 7 2 1 9 4 5 1 1 1 8 5 2 1 4 1 6 9 1 3 4 4 4 8 2 4 4 7 2 9 5 2 1 7 1 3 4 4 3 4 7 8 3 5 3 1 5 2 2 3 4 6 8 6 8 6 10 1 8 4 7 9 9 6 8 3 3 9 3 7 6 2 5 7 8 9 2 1 4 7 1 4 5 9 8 1 1 5 4 1 9 7 3 5 8 3 6 4 6 8 3 5 5 3 6 3 1 8 4 1 3 8 7 1
122
13 8 16 3 4 13 12 14 4 1 15 5 8 3 1 6 14 7 8 16 13 14 8 14 11 3 13 12 9 12 16 1 2 6 16 7 10 15 15 10 6 15 10 16 12 14 15 8 4 16 8 5 14 4 12 2 1 8 17 4 11 8 8 16 5 4 11 10 6 2 13 11 9 4 2 3 12 10 10 8 8 1 2 4 10 8 2 1 5 14 8 17 12 14 3 14 16 6 6 16 8 4 15 9 14 9 6 2 15 10 12 11 6 13 8 1 11 2 10 12 13 7
100
1 20 18 6 5 18 19 15 4 16 2 19 19 8 10 4 2 14 6 14 8 17 9 8 1 7 7 20 3 13 12 13 15 12 20 15 4 4 11 10 5 8 2 19 8 18 1 6 9 11 9 9 10 4 5 18 1 18 7 8 11 14 12 18 9 17 18 17 7 10 8 12 10 8 1 6 9 11 5 17 15 20 18 20 11 3 14 20 12 15 14 8 3 18 20 10 2 18 11 16
224
8 3 7 2 1 4 1 1 7 4 7 7 6 5 3 7 5 9 6 4 6 3 5 7 6 7 8 1 1 5 3 4 2 5 4 7 1 9 4 7 1 3 4 2 5 3 8 9 9 6 6 2 3 8 9 7 3 9 8 2 4 8 5 8 2 4 7 6 1 7 8 4 2 9 5 3 9 9 5 2 5 6 4 9 6 6 9 4 2 9 8 2 6 8 6 6 5 7 1 4 8 3 8 2 8 9 6 5 7 4 5 2 9 4 6 2 8 6 8 5 6 9 3 6 6 5 5 5 4 7 2 1 3 3 2 6 1 4 9 5 7 4 2 3 7 5 6 4 5 3 8 3 1 9 2 2 5 3 7 7 8 9 3 2 1 1 6 6 7 5 3 1 4 2 1 6 7 4 4 9 3 1 7 4 2 6 6 7 2 6 8 3 6 6 7 7 6 2 5 2 2 3 3 6 6 3 6 5 8 9 7 9 9 9 7 9 6 7 5 5 6 5 5 9
103
12 1 18 12 20 2 3 12 3 3 3 2 19 20 13 10 10 2 3 13 16 8 3 7 11 11 6 6 1 8 12 11 17 10 6 11 3 7 8 10 17 7 2 12 12 16 12 3 7 9 10 15 7 3 2 1 3 2 8 3 6 2 18 5 5 15 17 10 1 10 10 15 20 19 16 12 10 19 11 20 1 16 4 5 6 5 8 6 13 15 8 3 17 17 5 17 2 7 15 8 4 7 16
276
7 1 3 6 1 6 5 6 3 3 8 7 5 1 3 5 1 4 7 6 3 5 4 6 3 2 6 4 4 3 7 2 3 3 4 7 3 6 5 4 4 2 5 4 6 2 2 6 4 6 2 2 2 5 7 6 1 6 8 4 2 3 7 3 7 7 5 5 2 5 2 7 3 2 1 4 2 4 3 2 1 4 3 1 3 4 1 5 4 4 5 3 5 1 3 1 1 3 2 3 6 1 8 5 4 5 1 5 4 1 4 1 7 4 5 2 2 1 2 5 5 3 7 1 5 2 3 6 6 6 5 7 1 4 1 7 3 7 8 2 4 4 2 5 4 2 7 3 5 2 2 7 2 5 4 6 2 5 3 6 6 7 4 1 6 6 5 7 3 7 1 4 6 2 2 5 7 2 6 3 1 4 2 1 3 2 7 6 1 2 2 6 4 2 7 4 7 6 6 4 4 3 4 8 1 5 4 2 7 3 5 4 5 1 6 2 6 1 1 6 5 6 3 7 3 7 3 5 7 4 3 5 3 3 7 3 2 6 5 4 3 6 3 2 5 2 5 7 7 3 7 6 1 6 7 6 4 5 7 7 5 4 1 3 4 5 5 6 3 6 2 2 5 7 5 1
280
3 5 1 4 6 7 7 6 6 2 1 7 7 1 6 6 7 6 5 6 5 3 3 1 3 5 5 1 5 7 2 5 6 7 2 1 3 8 6 6 7 3 3 7 1 2 2 3 4 7 4 1 5 5 5 7 4 2 1 1 3 8 4 6 5 7 5 7 7 1 1 3 1 5 6 1 4 2 5 3 3 2 2 2 7 8 3 6 6 4 6 6 1 1 2 2 7 4 1 3 3 6 4 7 5 7 2 6 4 7 3 4 3 7 6 7 1 6 5 4 6 7 6 1 5 5 8 1 2 2 2 7 3 6 2 5 7 2 5 2 5 5 4 7 1 6 4 6 7 3 2 6 4 1 1 4 5 7 6 5 6 1 6 4 5 4 7 5 6 5 2 7 1 2 2 5 1 4 4 3 7 7 4 4 2 4 7 2 7 6 1 6 5 1 1 5 6 7 4 5 4 1 6 6 4 3 7 5 3 5 3 4 3 4 4 5 4 5 4 6 2 7 5 7 5 2 4 4 2 4 2 6 2 7 4 4 4 3 3 3 1 5 7 3 4 7 8 4 4 1 2 7 2 4 7 1 1 6 7 2 5 5 4 4 7 6 7 6 8 3 1 6 1 5 6 2 3 6 2 2
166
12 6 12 10 5 7 11 10 10 8 4 2 11 11 10 6 12 8 3 2 4 10 3 4 8 11 6 10 5 2 8 4 9 8 5 12 5 5 5 8 2 2 6 3 6 7 11 1 12 11 1 5 10 10 2 1 2 3 5 9 11 3 9 10 8 9 5 9 11 12 3 4 8 5 11 9 12 11 11 12 6 4 3 4 10 9 3 9 5 12 1 9 3 5 11 6 5 11 13 1 10 5 6 3 9 1 7 10 8 6 2 10 11 3 5 8 9 6 6 7 5 10 1 11 1 4 8 12 11 9 1 3 2 11 9 4 4 7 5 12 11 3 8 6 3 7 3 1 3 11 10 2 12 10 6 11 1 9 11 11 3 9 4 6 12 1
183
2 2 11 6 11 4 7 4 6 3 10 3 11 8 9 9 1 7 1 10 5 8 2 5 10 4 3 7 2 1 4 6 7 8 8 9 7 2 11 1 2 6 4 7 5 7 2 7 4 6 10 5 6 7 3 1 7 4 7 6 6 10 7 11 7 7 3 4 5 4 7 10 2 2 7 9 3 5 6 2 11 10 11 3 6 1 8 11 8 1 9 11 5 11 1 10 10 2 10 5 5 10 6 6 6 3 1 6 1 2 9 10 5 7 7 5 4 5 9 8 1 11 3 1 11 1 5 11 9 5 4 9 10 3 4 8 5 4 1 5 1 11 5 11 9 10 3 4 11 11 2 4 9 1 4 2 9 5 1 2 9 11 9 2 5 3 2 5 5 5 6 6 1 2 1 1 6 9 11 2 1 11 1
186
8 9 1 5 7 9 7 10 10 4 4 9 4 10 2 1 10 1 5 6 9 4 9 2 10 10 8 9 6 2 11 11 7 4 8 5 7 8 1 2 7 6 11 6 8 6 9 9 10 1 4 10 1 6 10 10 4 5 3 7 10 11 4 7 9 3 4 6 5 3 6 3 1 7 7 4 7 3 2 8 10 7 5 8 6 7 1 1 2 8 3 9 3 2 5 2 6 2 6 5 6 10 5 4 5 11 1 4 9 10 10 7 2 3 7 11 10 2 7 9 7 10 10 4 3 1 1 5 8 2 8 2 10 7 11 10 10 4 1 3 9 5 4 7 4 3 2 5 10 5 11 2 7 6 8 11 4 5 7 10 5 2 8 7 3 4 3 5 3 3 3 10 10 1 6 8 8 10 7 4 5 9 2 11 1 7
57
18 29 13 3 4 6 22 4 28 2 28 30 6 12 35 3 29 28 14 25 29 9 17 27 18 5 5 15 16 19 15 4 26 31 25 34 11 4 4 2 13 5 6 11 11 11 33 31 26 11 20 14 31 7 27 32 31
164
4 9 12 1 2 8 6 11 2 7 5 2 6 9 4 8 9 1 3 2 8 5 11 4 4 10 10 11 1 4 1 9 7 12 13 2 4 10 9 5 4 4 4 8 8 9 2 4 8 4 3 1 11 9 12 7 9 13 3 8 9 12 10 12 5 10 6 5 3 4 5 3 4 10 4 6 9 2 6 1 2 6 7 10 7 4 2 8 9 8 1 4 6 1 13 9 6 11 7 9 2 13 12 2 5 9 1 11 4 10 10 2 8 13 7 8 7 8 4 12 7 11 5 3 10 8 2 12 3 9 6 4 11 6 1 2 3 11 9 9 6 4 4 11 1 5 6 2 3 5 5 7 8 12 7 2 6 8 8 2 12 7 12 5
189
11 9 2 1 6 10 1 6 3 4 3 4 3 8 2 11 6 5 4 2 1 7 6 4 9 8 7 3 5 11 10 8 2 10 4 9 11 10 3 9 10 2 10 1 11 3 8 4 8 1 5 2 5 10 4 7 2 4 3 1 1 5 3 9 9 9 8 3 1 9 4 2 1 2 5 1 1 1 1 9 5 7 4 10 1 2 11 9 7 7 9 5 10 3 1 3 2 11 7 2 2 7 10 6 8 1 1 8 8 11 4 1 6 3 11 2 3 1 3 10 5 1 5 2 3 2 3 2 8 6 11 3 1 1 5 1 9 10 4 3 10 10 6 7 7 8 7 1 10 5 10 7 4 2 10 4 10 5 9 11 4 4 6 10 3 1 3 8 1 7 8 8 8 6 2 4 4 1 5 9 5 9 10 10 4 5 2 3 9
281
4 7 2 6 2 3 5 4 2 5 7 6 1 7 7 7 7 4 1 4 5 7 6 3 1 1 5 1 1 5 5 3 4 5 6 5 5 5 6 1 1 3 5 6 2 3 4 5 2 7 6 7 4 3 6 1 6 3 7 5 2 2 2 1 1 2 1 2 3 1 1 7 7 3 7 2 4 4 4 7 2 4 1 4 4 8 1 5 7 1 7 6 2 2 4 3 6 7 2 1 6 6 6 2 5 5 5 2 4 4 5 4 5 6 1 7 2 8 3 1 6 2 1 3 4 3 2 4 2 3 6 2 6 3 3 3 1 3 2 1 3 1 6 5 7 1 8 7 4 4 2 6 2 5 7 7 2 4 7 5 5 2 7 1 4 3 3 7 4 4 3 6 2 5 5 6 4 5 5 2 1 1 3 7 4 4 4 5 6 6 1 5 4 1 1 8 7 4 2 7 3 5 4 5 3 7 7 1 6 7 5 1 2 3 1 6 7 3 2 7 4 7 5 6 3 3 7 2 6 6 5 7 7 7 1 3 7 7 5 5 3 7 6 3 5 1 1 5 1 3 6 4 6 1 5 7 5 5 2 3 4 4 7 2 5 5 1 5 5 7 6 4 6 7 4 6 6 6 3 6 7
